
=== Mask Status (/home/mingi/video_cache/eccv2026/inspire_f1) ===
Serials: 22641005 22641023 22645021 22645026 22645029 22684210 22684737 22684755 23012641 23022632 23022639 23028333 23029839 23173282 23180202 23263775 23263780 23280285 23280286 23280594 25452061 25452062 25452066
Total captures: 742  |  OK: 7  Partial/Missing: 704  No video: 0  No cam_param: 31

  apple: 6/6 episodes

  attached_container: 0/7 episodes
    0: 13/23  missing: 22641005 22641023 22645021 22645026 22684210 22684737 23029839 23263775 23280286 23280594
    1: 13/23  missing: 22641005 22641023 22645021 22645026 22645029 22684210 22684737 23029839 23263775 23280286
    2: 13/23  missing: 22641005 22641023 22645026 22684210 22684737 23022639 23029839 23180202 23263775 23280286
    3: 13/23  missing: 22641005 22641023 22645026 22684210 22684737 23029839 23180202 23263775 23280286 23280594
    4: 10/23  missing: 22641005 22641023 22645026 22645029 22684210 22684737 23022639 23029839 23173282 23180202 23263775 23280286 23280594
    5: 10/23  missing: 22641005 22641023 22645021 22645026 22645029 22684210 22684737 23029839 23173282 23180202 23263775 23280286 23280594
    6: 13/23  missing: 22641005 22641023 22645026 22645029 22684210 22684737 23029839 23263775 23280286 23280594

  baby_beaker: 0/8 episodes
    0: 10/23  missing: 22641005 22641023 22645026 22684210 22684737 23022632 23022639 23029839 23173282 23263775 23280286 25452061 25452062
    1: 9/23  missing: 22641005 22641023 22645026 22684210 22684737 23022632 23022639 23028333 23029839 23173282 23263775 23280286 25452061 25452062
    2: 2/23  missing: 22641005 22641023 22645021 22645026 22645029 22684210 22684737 23012641 23022632 23022639 23028333 23029839 23173282 23180202 23263775 23280285 23280286 23280594 25452061 25452062 25452066
    3: 14/23  missing: 22641023 22645026 22684210 22684737 23012641 23022632 23029839 23180202 23263775
    4: 8/23  missing: 22641005 22641023 22645021 22645029 22684210 22684737 23022639 23028333 23029839 23180202 23263775 23280286 25452061 25452062 25452066
    5: no cam_param
    6: no cam_param
    7: 2/23  missing: 22641005 22641023 22645021 22645026 22645029 22684210 22684737 23012641 23022632 23022639 23028333 23029839 23173282 23180202 23263775 23280285 23280286 23280594 25452061 25452062 25452066

  balloon_whisk: 0/9 episodes
    0: 2/23  missing: 22641005 22641023 22645021 22645026 22645029 22684210 22684737 23012641 23022632 23022639 23028333 23029839 23173282 23180202 23263775 23280285 23280286 23280594 25452061 25452062 25452066
    1: 16/23  missing: 22684210 23022632 23022639 23029839 23263775 23280286 25452061
    2: 16/23  missing: 22684210 23022632 23022639 23029839 23173282 23280286 25452061
    3: 19/23  missing: 22684210 23029839 23263775 23280286
    4: 17/23  missing: 23022632 23029839 23173282 23280285 23280594 25452061
    5: 15/23  missing: 22645029 23022632 23022639 23029839 23173282 23263775 23280286 25452061
    6: 13/23  missing: 22641023 22645021 22684210 23022632 23022639 23029839 23180202 23263775 23280286 25452061
    7: 17/23  missing: 22684210 23022632 23029839 23263775 23280286 25452062
    8: 17/23  missing: 22684210 22684737 23022639 23029839 23173282 23280286

  bamboo_basket: 0/6 episodes
    0: 20/23  missing: 23028333 23029839 23280286
    1: 14/23  missing: 23028333 23029839 23263775 23280285 23280286 23280594 25452061 25452062 25452066
    2: 2/23  missing: 22641005 22641023 22645021 22645026 22645029 22684210 22684737 23012641 23022632 23022639 23028333 23029839 23173282 23180202 23263775 23280285 23280286 23280594 25452061 25452062 25452066
    3: 2/23  missing: 22641005 22641023 22645021 22645026 22645029 22684210 22684737 23012641 23022632 23022639 23028333 23029839 23173282 23180202 23263775 23280285 23280286 23280594 25452061 25452062 25452066
    4: 2/23  missing: 22641005 22641023 22645021 22645026 22645029 22684210 22684737 23012641 23022632 23022639 23028333 23029839 23173282 23180202 23263775 23280285 23280286 23280594 25452061 25452062 25452066
    5: 2/23  missing: 22641005 22641023 22645021 22645026 22645029 22684210 22684737 23012641 23022632 23022639 23028333 23029839 23173282 23180202 23263775 23280285 23280286 23280594 25452061 25452062 25452066

  bamboo_box: 0/5 episodes
    0: 2/23  missing: 22641005 22641023 22645021 22645026 22645029 22684210 22684737 23012641 23022632 23022639 23028333 23029839 23173282 23180202 23263775 23280285 23280286 23280594 25452061 25452062 25452066
    1: 2/23  missing: 22641005 22641023 22645021 22645026 22645029 22684210 22684737 23012641 23022632 23022639 23028333 23029839 23173282 23180202 23263775 23280285 23280286 23280594 25452061 25452062 25452066
    2: 2/23  missing: 22641005 22641023 22645021 22645026 22645029 22684210 22684737 23012641 23022632 23022639 23028333 23029839 23173282 23180202 23263775 23280285 23280286 23280594 25452061 25452062 25452066
    3: 2/23  missing: 22641005 22641023 22645021 22645026 22645029 22684210 22684737 23012641 23022632 23022639 23028333 23029839 23173282 23180202 23263775 23280285 23280286 23280594 25452061 25452062 25452066
    4: 2/23  missing: 22641005 22641023 22645021 22645026 22645029 22684210 22684737 23012641 23022632 23022639 23028333 23029839 23173282 23180202 23263775 23280285 23280286 23280594 25452061 25452062 25452066

  banana: 0/6 episodes
    0: 2/23  missing: 22641005 22641023 22645021 22645026 22645029 22684210 22684737 23012641 23022632 23022639 23028333 23029839 23173282 23180202 23263775 23280285 23280286 23280594 25452061 25452062 25452066
    1: 2/23  missing: 22641005 22641023 22645021 22645026 22645029 22684210 22684737 23012641 23022632 23022639 23028333 23029839 23173282 23180202 23263775 23280285 23280286 23280594 25452061 25452062 25452066
    2: 2/23  missing: 22641005 22641023 22645021 22645026 22645029 22684210 22684737 23012641 23022632 23022639 23028333 23029839 23173282 23180202 23263775 23280285 23280286 23280594 25452061 25452062 25452066
    3: 2/23  missing: 22641005 22641023 22645021 22645026 22645029 22684210 22684737 23012641 23022632 23022639 23028333 23029839 23173282 23180202 23263775 23280285 23280286 23280594 25452061 25452062 25452066
    4: 2/23  missing: 22641005 22641023 22645021 22645026 22645029 22684210 22684737 23012641 23022632 23022639 23028333 23029839 23173282 23180202 23263775 23280285 23280286 23280594 25452061 25452062 25452066
    5: 2/23  missing: 22641005 22641023 22645021 22645026 22645029 22684210 22684737 23012641 23022632 23022639 23028333 23029839 23173282 23180202 23263775 23280285 23280286 23280594 25452061 25452062 25452066

  baseball: 1/11 episodes
    1: 2/23  missing: 22641005 22641023 22645021 22645026 22645029 22684210 22684737 23012641 23022632 23022639 23028333 23029839 23173282 23180202 23263775 23280285 23280286 23280594 25452061 25452062 25452066
    10: 2/23  missing: 22641005 22641023 22645021 22645026 22645029 22684210 22684737 23012641 23022632 23022639 23028333 23029839 23173282 23180202 23263775 23280285 23280286 23280594 25452061 25452062 25452066
    2: 2/23  missing: 22641005 22641023 22645021 22645026 22645029 22684210 22684737 23012641 23022632 23022639 23028333 23029839 23173282 23180202 23263775 23280285 23280286 23280594 25452061 25452062 25452066
    3: 2/23  missing: 22641005 22641023 22645021 22645026 22645029 22684210 22684737 23012641 23022632 23022639 23028333 23029839 23173282 23180202 23263775 23280285 23280286 23280594 25452061 25452062 25452066
    4: 2/23  missing: 22641005 22641023 22645021 22645026 22645029 22684210 22684737 23012641 23022632 23022639 23028333 23029839 23173282 23180202 23263775 23280285 23280286 23280594 25452061 25452062 25452066
    5: 2/23  missing: 22641005 22641023 22645021 22645026 22645029 22684210 22684737 23012641 23022632 23022639 23028333 23029839 23173282 23180202 23263775 23280285 23280286 23280594 25452061 25452062 25452066
    6: 2/23  missing: 22641005 22641023 22645021 22645026 22645029 22684210 22684737 23012641 23022632 23022639 23028333 23029839 23173282 23180202 23263775 23280285 23280286 23280594 25452061 25452062 25452066
    7: no cam_param
    8: no cam_param
    9: 2/23  missing: 22641005 22641023 22645021 22645026 22645029 22684210 22684737 23012641 23022632 23022639 23028333 23029839 23173282 23180202 23263775 23280285 23280286 23280594 25452061 25452062 25452066

  beige_brush: 0/7 episodes
    0: no cam_param
    1: no cam_param
    2: 20/23  missing: 22641023 22684210 23029839
    3: 20/23  missing: 22684210 23022632 23029839
    4: 2/23  missing: 22641005 22641023 22645021 22645026 22645029 22684210 22684737 23012641 23022632 23022639 23028333 23029839 23173282 23180202 23263775 23280285 23280286 23280594 25452061 25452062 25452066
    5: 2/23  missing: 22641005 22641023 22645021 22645026 22645029 22684210 22684737 23012641 23022632 23022639 23028333 23029839 23173282 23180202 23263775 23280285 23280286 23280594 25452061 25452062 25452066
    6: 2/23  missing: 22641005 22641023 22645021 22645026 22645029 22684210 22684737 23012641 23022632 23022639 23028333 23029839 23173282 23180202 23263775 23280285 23280286 23280594 25452061 25452062 25452066

  black_holder_with_handle: 0/10 episodes
    0: no cam_param
    1: no cam_param
    2: 2/23  missing: 22641005 22641023 22645021 22645026 22645029 22684210 22684737 23012641 23022632 23022639 23028333 23029839 23173282 23180202 23263775 23280285 23280286 23280594 25452061 25452062 25452066
    3: 2/23  missing: 22641005 22641023 22645021 22645026 22645029 22684210 22684737 23012641 23022632 23022639 23028333 23029839 23173282 23180202 23263775 23280285 23280286 23280594 25452061 25452062 25452066
    4: 0/23  missing: 22641005 22641023 22645021 22645026 22645029 22684210 22684737 22684755 23012641 23022632 23022639 23028333 23029839 23173282 23180202 23263775 23263780 23280285 23280286 23280594 25452061 25452062 25452066
    5: 2/23  missing: 22641005 22641023 22645021 22645026 22645029 22684210 22684737 23012641 23022632 23022639 23028333 23029839 23173282 23180202 23263775 23280285 23280286 23280594 25452061 25452062 25452066
    6: 2/23  missing: 22641005 22641023 22645021 22645026 22645029 22684210 22684737 23012641 23022632 23022639 23028333 23029839 23173282 23180202 23263775 23280285 23280286 23280594 25452061 25452062 25452066
    7: 2/23  missing: 22641005 22641023 22645021 22645026 22645029 22684210 22684737 23012641 23022632 23022639 23028333 23029839 23173282 23180202 23263775 23280285 23280286 23280594 25452061 25452062 25452066
    8: 2/23  missing: 22641005 22641023 22645021 22645026 22645029 22684210 22684737 23012641 23022632 23022639 23028333 23029839 23173282 23180202 23263775 23280285 23280286 23280594 25452061 25452062 25452066
    9: 2/23  missing: 22641005 22641023 22645021 22645026 22645029 22684210 22684737 23012641 23022632 23022639 23028333 23029839 23173282 23180202 23263775 23280285 23280286 23280594 25452061 25452062 25452066

  black_kitchen_roll_holder: 0/8 episodes
    0: 2/23  missing: 22641005 22641023 22645021 22645026 22645029 22684210 22684737 23012641 23022632 23022639 23028333 23029839 23173282 23180202 23263775 23280285 23280286 23280594 25452061 25452062 25452066
    1: 2/23  missing: 22641005 22641023 22645021 22645026 22645029 22684210 22684737 23012641 23022632 23022639 23028333 23029839 23173282 23180202 23263775 23280285 23280286 23280594 25452061 25452062 25452066
    2: 2/23  missing: 22641005 22641023 22645021 22645026 22645029 22684210 22684737 23012641 23022632 23022639 23028333 23029839 23173282 23180202 23263775 23280285 23280286 23280594 25452061 25452062 25452066
    3: 2/23  missing: 22641005 22641023 22645021 22645026 22645029 22684210 22684737 23012641 23022632 23022639 23028333 23029839 23173282 23180202 23263775 23280285 23280286 23280594 25452061 25452062 25452066
    4: 2/23  missing: 22641005 22641023 22645021 22645026 22645029 22684210 22684737 23012641 23022632 23022639 23028333 23029839 23173282 23180202 23263775 23280285 23280286 23280594 25452061 25452062 25452066
    5: 2/23  missing: 22641005 22641023 22645021 22645026 22645029 22684210 22684737 23012641 23022632 23022639 23028333 23029839 23173282 23180202 23263775 23280285 23280286 23280594 25452061 25452062 25452066
    6: 2/23  missing: 22641005 22641023 22645021 22645026 22645029 22684210 22684737 23012641 23022632 23022639 23028333 23029839 23173282 23180202 23263775 23280285 23280286 23280594 25452061 25452062 25452066
    7: 2/23  missing: 22641005 22641023 22645021 22645026 22645029 22684210 22684737 23012641 23022632 23022639 23028333 23029839 23173282 23180202 23263775 23280285 23280286 23280594 25452061 25452062 25452066

  blue_alarm: 0/10 episodes
    0: 2/23  missing: 22641005 22641023 22645021 22645026 22645029 22684210 22684737 23012641 23022632 23022639 23028333 23029839 23173282 23180202 23263775 23280285 23280286 23280594 25452061 25452062 25452066
    1: 2/23  missing: 22641005 22641023 22645021 22645026 22645029 22684210 22684737 23012641 23022632 23022639 23028333 23029839 23173282 23180202 23263775 23280285 23280286 23280594 25452061 25452062 25452066
    2: 2/23  missing: 22641005 22641023 22645021 22645026 22645029 22684210 22684737 23012641 23022632 23022639 23028333 23029839 23173282 23180202 23263775 23280285 23280286 23280594 25452061 25452062 25452066
    3: 2/23  missing: 22641005 22641023 22645021 22645026 22645029 22684210 22684737 23012641 23022632 23022639 23028333 23029839 23173282 23180202 23263775 23280285 23280286 23280594 25452061 25452062 25452066
    4: 2/23  missing: 22641005 22641023 22645021 22645026 22645029 22684210 22684737 23012641 23022632 23022639 23028333 23029839 23173282 23180202 23263775 23280285 23280286 23280594 25452061 25452062 25452066
    5: 2/23  missing: 22641005 22641023 22645021 22645026 22645029 22684210 22684737 23012641 23022632 23022639 23028333 23029839 23173282 23180202 23263775 23280285 23280286 23280594 25452061 25452062 25452066
    6: 2/23  missing: 22641005 22641023 22645021 22645026 22645029 22684210 22684737 23012641 23022632 23022639 23028333 23029839 23173282 23180202 23263775 23280285 23280286 23280594 25452061 25452062 25452066
    7: 2/23  missing: 22641005 22641023 22645021 22645026 22645029 22684210 22684737 23012641 23022632 23022639 23028333 23029839 23173282 23180202 23263775 23280285 23280286 23280594 25452061 25452062 25452066
    8: 2/23  missing: 22641005 22641023 22645021 22645026 22645029 22684210 22684737 23012641 23022632 23022639 23028333 23029839 23173282 23180202 23263775 23280285 23280286 23280594 25452061 25452062 25452066
    9: 2/23  missing: 22641005 22641023 22645021 22645026 22645029 22684210 22684737 23012641 23022632 23022639 23028333 23029839 23173282 23180202 23263775 23280285 23280286 23280594 25452061 25452062 25452066

  blue_plastic_box: 0/4 episodes
    0: 2/23  missing: 22641005 22641023 22645021 22645026 22645029 22684210 22684737 23012641 23022632 23022639 23028333 23029839 23173282 23180202 23263775 23280285 23280286 23280594 25452061 25452062 25452066
    1: 2/23  missing: 22641005 22641023 22645021 22645026 22645029 22684210 22684737 23012641 23022632 23022639 23028333 23029839 23173282 23180202 23263775 23280285 23280286 23280594 25452061 25452062 25452066
    2: 2/23  missing: 22641005 22641023 22645021 22645026 22645029 22684210 22684737 23012641 23022632 23022639 23028333 23029839 23173282 23180202 23263775 23280285 23280286 23280594 25452061 25452062 25452066
    3: 2/23  missing: 22641005 22641023 22645021 22645026 22645029 22684210 22684737 23012641 23022632 23022639 23028333 23029839 23173282 23180202 23263775 23280285 23280286 23280594 25452061 25452062 25452066

  blue_vase: 0/7 episodes
    0: 2/23  missing: 22641005 22641023 22645021 22645026 22645029 22684210 22684737 23012641 23022632 23022639 23028333 23029839 23173282 23180202 23263775 23280285 23280286 23280594 25452061 25452062 25452066
    1: 2/23  missing: 22641005 22641023 22645021 22645026 22645029 22684210 22684737 23012641 23022632 23022639 23028333 23029839 23173282 23180202 23263775 23280285 23280286 23280594 25452061 25452062 25452066
    2: 2/23  missing: 22641005 22641023 22645021 22645026 22645029 22684210 22684737 23012641 23022632 23022639 23028333 23029839 23173282 23180202 23263775 23280285 23280286 23280594 25452061 25452062 25452066
    3: 2/23  missing: 22641005 22641023 22645021 22645026 22645029 22684210 22684737 23012641 23022632 23022639 23028333 23029839 23173282 23180202 23263775 23280285 23280286 23280594 25452061 25452062 25452066
    4: 2/23  missing: 22641005 22641023 22645021 22645026 22645029 22684210 22684737 23012641 23022632 23022639 23028333 23029839 23173282 23180202 23263775 23280285 23280286 23280594 25452061 25452062 25452066
    5: 2/23  missing: 22641005 22641023 22645021 22645026 22645029 22684210 22684737 23012641 23022632 23022639 23028333 23029839 23173282 23180202 23263775 23280285 23280286 23280594 25452061 25452062 25452066
    6: 2/23  missing: 22641005 22641023 22645021 22645026 22645029 22684210 22684737 23012641 23022632 23022639 23028333 23029839 23173282 23180202 23263775 23280285 23280286 23280594 25452061 25452062 25452066

  book: 0/5 episodes
    0: 2/23  missing: 22641005 22641023 22645021 22645026 22645029 22684210 22684737 23012641 23022632 23022639 23028333 23029839 23173282 23180202 23263775 23280285 23280286 23280594 25452061 25452062 25452066
    1: 2/23  missing: 22641005 22641023 22645021 22645026 22645029 22684210 22684737 23012641 23022632 23022639 23028333 23029839 23173282 23180202 23263775 23280285 23280286 23280594 25452061 25452062 25452066
    2: 2/23  missing: 22641005 22641023 22645021 22645026 22645029 22684210 22684737 23012641 23022632 23022639 23028333 23029839 23173282 23180202 23263775 23280285 23280286 23280594 25452061 25452062 25452066
    3: 2/23  missing: 22641005 22641023 22645021 22645026 22645029 22684210 22684737 23012641 23022632 23022639 23028333 23029839 23173282 23180202 23263775 23280285 23280286 23280594 25452061 25452062 25452066
    4: 2/23  missing: 22641005 22641023 22645021 22645026 22645029 22684210 22684737 23012641 23022632 23022639 23028333 23029839 23173282 23180202 23263775 23280285 23280286 23280594 25452061 25452062 25452066

  box_pink: 0/5 episodes
    0: 0/23  missing: 22641005 22641023 22645021 22645026 22645029 22684210 22684737 22684755 23012641 23022632 23022639 23028333 23029839 23173282 23180202 23263775 23263780 23280285 23280286 23280594 25452061 25452062 25452066
    1: 0/23  missing: 22641005 22641023 22645021 22645026 22645029 22684210 22684737 22684755 23012641 23022632 23022639 23028333 23029839 23173282 23180202 23263775 23263780 23280285 23280286 23280594 25452061 25452062 25452066
    2: 0/23  missing: 22641005 22641023 22645021 22645026 22645029 22684210 22684737 22684755 23012641 23022632 23022639 23028333 23029839 23173282 23180202 23263775 23263780 23280285 23280286 23280594 25452061 25452062 25452066
    3: 0/23  missing: 22641005 22641023 22645021 22645026 22645029 22684210 22684737 22684755 23012641 23022632 23022639 23028333 23029839 23173282 23180202 23263775 23263780 23280285 23280286 23280594 25452061 25452062 25452066
    4: 0/23  missing: 22641005 22641023 22645021 22645026 22645029 22684210 22684737 22684755 23012641 23022632 23022639 23028333 23029839 23173282 23180202 23263775 23263780 23280285 23280286 23280594 25452061 25452062 25452066

  brass_pot: 0/11 episodes
    0: 2/23  missing: 22641005 22641023 22645021 22645026 22645029 22684210 22684737 23012641 23022632 23022639 23028333 23029839 23173282 23180202 23263775 23280285 23280286 23280594 25452061 25452062 25452066
    1: 2/23  missing: 22641005 22641023 22645021 22645026 22645029 22684210 22684737 23012641 23022632 23022639 23028333 23029839 23173282 23180202 23263775 23280285 23280286 23280594 25452061 25452062 25452066
    10: 2/23  missing: 22641005 22641023 22645021 22645026 22645029 22684210 22684737 23012641 23022632 23022639 23028333 23029839 23173282 23180202 23263775 23280285 23280286 23280594 25452061 25452062 25452066
    2: 2/23  missing: 22641005 22641023 22645021 22645026 22645029 22684210 22684737 23012641 23022632 23022639 23028333 23029839 23173282 23180202 23263775 23280285 23280286 23280594 25452061 25452062 25452066
    3: 2/23  missing: 22641005 22641023 22645021 22645026 22645029 22684210 22684737 23012641 23022632 23022639 23028333 23029839 23173282 23180202 23263775 23280285 23280286 23280594 25452061 25452062 25452066
    4: 2/23  missing: 22641005 22641023 22645021 22645026 22645029 22684210 22684737 23012641 23022632 23022639 23028333 23029839 23173282 23180202 23263775 23280285 23280286 23280594 25452061 25452062 25452066
    5: 3/23  missing: 22641005 22641023 22645021 22645026 22645029 22684210 22684737 23022632 23022639 23028333 23029839 23173282 23180202 23263775 23280285 23280286 23280594 25452061 25452062 25452066
    6: 1/23  missing: 22641005 22641023 22645021 22645026 22645029 22684210 22684737 22684755 23012641 23022632 23022639 23028333 23029839 23173282 23180202 23263775 23280285 23280286 23280594 25452061 25452062 25452066
    7: 2/23  missing: 22641005 22641023 22645021 22645026 22645029 22684210 22684737 23012641 23022632 23022639 23028333 23029839 23173282 23180202 23263775 23280285 23280286 23280594 25452061 25452062 25452066
    8: 2/23  missing: 22641005 22641023 22645021 22645026 22645029 22684210 22684737 23012641 23022632 23022639 23028333 23029839 23173282 23180202 23263775 23280285 23280286 23280594 25452061 25452062 25452066
    9: 0/23  missing: 22641005 22641023 22645021 22645026 22645029 22684210 22684737 22684755 23012641 23022632 23022639 23028333 23029839 23173282 23180202 23263775 23263780 23280285 23280286 23280594 25452061 25452062 25452066

  brown_ramen: 0/12 episodes
    0: 0/23  missing: 22641005 22641023 22645021 22645026 22645029 22684210 22684737 22684755 23012641 23022632 23022639 23028333 23029839 23173282 23180202 23263775 23263780 23280285 23280286 23280594 25452061 25452062 25452066
    1: 0/23  missing: 22641005 22641023 22645021 22645026 22645029 22684210 22684737 22684755 23012641 23022632 23022639 23028333 23029839 23173282 23180202 23263775 23263780 23280285 23280286 23280594 25452061 25452062 25452066
    10: 0/23  missing: 22641005 22641023 22645021 22645026 22645029 22684210 22684737 22684755 23012641 23022632 23022639 23028333 23029839 23173282 23180202 23263775 23263780 23280285 23280286 23280594 25452061 25452062 25452066
    11: 0/23  missing: 22641005 22641023 22645021 22645026 22645029 22684210 22684737 22684755 23012641 23022632 23022639 23028333 23029839 23173282 23180202 23263775 23263780 23280285 23280286 23280594 25452061 25452062 25452066
    2: 0/23  missing: 22641005 22641023 22645021 22645026 22645029 22684210 22684737 22684755 23012641 23022632 23022639 23028333 23029839 23173282 23180202 23263775 23263780 23280285 23280286 23280594 25452061 25452062 25452066
    3: 0/23  missing: 22641005 22641023 22645021 22645026 22645029 22684210 22684737 22684755 23012641 23022632 23022639 23028333 23029839 23173282 23180202 23263775 23263780 23280285 23280286 23280594 25452061 25452062 25452066
    4: 0/23  missing: 22641005 22641023 22645021 22645026 22645029 22684210 22684737 22684755 23012641 23022632 23022639 23028333 23029839 23173282 23180202 23263775 23263780 23280285 23280286 23280594 25452061 25452062 25452066
    5: 0/23  missing: 22641005 22641023 22645021 22645026 22645029 22684210 22684737 22684755 23012641 23022632 23022639 23028333 23029839 23173282 23180202 23263775 23263780 23280285 23280286 23280594 25452061 25452062 25452066
    6: 0/23  missing: 22641005 22641023 22645021 22645026 22645029 22684210 22684737 22684755 23012641 23022632 23022639 23028333 23029839 23173282 23180202 23263775 23263780 23280285 23280286 23280594 25452061 25452062 25452066
    7: 0/23  missing: 22641005 22641023 22645021 22645026 22645029 22684210 22684737 22684755 23012641 23022632 23022639 23028333 23029839 23173282 23180202 23263775 23263780 23280285 23280286 23280594 25452061 25452062 25452066
    8: 0/23  missing: 22641005 22641023 22645021 22645026 22645029 22684210 22684737 22684755 23012641 23022632 23022639 23028333 23029839 23173282 23180202 23263775 23263780 23280285 23280286 23280594 25452061 25452062 25452066
    9: 0/23  missing: 22641005 22641023 22645021 22645026 22645029 22684210 22684737 22684755 23012641 23022632 23022639 23028333 23029839 23173282 23180202 23263775 23263780 23280285 23280286 23280594 25452061 25452062 25452066

  cactus: 0/5 episodes
    0: 2/23  missing: 22641005 22641023 22645021 22645026 22645029 22684210 22684737 23012641 23022632 23022639 23028333 23029839 23173282 23180202 23263775 23280285 23280286 23280594 25452061 25452062 25452066
    1: 2/23  missing: 22641005 22641023 22645021 22645026 22645029 22684210 22684737 23012641 23022632 23022639 23028333 23029839 23173282 23180202 23263775 23280285 23280286 23280594 25452061 25452062 25452066
    2: 2/23  missing: 22641005 22641023 22645021 22645026 22645029 22684210 22684737 23012641 23022632 23022639 23028333 23029839 23173282 23180202 23263775 23280285 23280286 23280594 25452061 25452062 25452066
    3: 2/23  missing: 22641005 22641023 22645021 22645026 22645029 22684210 22684737 23012641 23022632 23022639 23028333 23029839 23173282 23180202 23263775 23280285 23280286 23280594 25452061 25452062 25452066
    4: 2/23  missing: 22641005 22641023 22645021 22645026 22645029 22684210 22684737 23012641 23022632 23022639 23028333 23029839 23173282 23180202 23263775 23280285 23280286 23280594 25452061 25452062 25452066

  cactus2: 0/5 episodes
    0: 2/23  missing: 22641005 22641023 22645021 22645026 22645029 22684210 22684737 23012641 23022632 23022639 23028333 23029839 23173282 23180202 23263775 23280285 23280286 23280594 25452061 25452062 25452066
    1: 2/23  missing: 22641005 22641023 22645021 22645026 22645029 22684210 22684737 23012641 23022632 23022639 23028333 23029839 23173282 23180202 23263775 23280285 23280286 23280594 25452061 25452062 25452066
    2: 2/23  missing: 22641005 22641023 22645021 22645026 22645029 22684210 22684737 23012641 23022632 23022639 23028333 23029839 23173282 23180202 23263775 23280285 23280286 23280594 25452061 25452062 25452066
    3: 2/23  missing: 22641005 22641023 22645021 22645026 22645029 22684210 22684737 23012641 23022632 23022639 23028333 23029839 23173282 23180202 23263775 23280285 23280286 23280594 25452061 25452062 25452066
    4: 2/23  missing: 22641005 22641023 22645021 22645026 22645029 22684210 22684737 23012641 23022632 23022639 23028333 23029839 23173282 23180202 23263775 23280285 23280286 23280594 25452061 25452062 25452066

  cactus3: 0/6 episodes
    0: 1/23  missing: 22641005 22641023 22645021 22645026 22645029 22684210 22684737 23012641 23022632 23022639 23028333 23029839 23173282 23180202 23263775 23263780 23280285 23280286 23280594 25452061 25452062 25452066
    1: 0/23  missing: 22641005 22641023 22645021 22645026 22645029 22684210 22684737 22684755 23012641 23022632 23022639 23028333 23029839 23173282 23180202 23263775 23263780 23280285 23280286 23280594 25452061 25452062 25452066
    2: 0/23  missing: 22641005 22641023 22645021 22645026 22645029 22684210 22684737 22684755 23012641 23022632 23022639 23028333 23029839 23173282 23180202 23263775 23263780 23280285 23280286 23280594 25452061 25452062 25452066
    3: 0/23  missing: 22641005 22641023 22645021 22645026 22645029 22684210 22684737 22684755 23012641 23022632 23022639 23028333 23029839 23173282 23180202 23263775 23263780 23280285 23280286 23280594 25452061 25452062 25452066
    4: 0/23  missing: 22641005 22641023 22645021 22645026 22645029 22684210 22684737 22684755 23012641 23022632 23022639 23028333 23029839 23173282 23180202 23263775 23263780 23280285 23280286 23280594 25452061 25452062 25452066
    5: 0/23  missing: 22641005 22641023 22645021 22645026 22645029 22684210 22684737 22684755 23012641 23022632 23022639 23028333 23029839 23173282 23180202 23263775 23263780 23280285 23280286 23280594 25452061 25452062 25452066

  ceramic_elephant_jug: 0/9 episodes
    0: 0/23  missing: 22641005 22641023 22645021 22645026 22645029 22684210 22684737 22684755 23012641 23022632 23022639 23028333 23029839 23173282 23180202 23263775 23263780 23280285 23280286 23280594 25452061 25452062 25452066
    1: 0/23  missing: 22641005 22641023 22645021 22645026 22645029 22684210 22684737 22684755 23012641 23022632 23022639 23028333 23029839 23173282 23180202 23263775 23263780 23280285 23280286 23280594 25452061 25452062 25452066
    2: 0/23  missing: 22641005 22641023 22645021 22645026 22645029 22684210 22684737 22684755 23012641 23022632 23022639 23028333 23029839 23173282 23180202 23263775 23263780 23280285 23280286 23280594 25452061 25452062 25452066
    3: 0/23  missing: 22641005 22641023 22645021 22645026 22645029 22684210 22684737 22684755 23012641 23022632 23022639 23028333 23029839 23173282 23180202 23263775 23263780 23280285 23280286 23280594 25452061 25452062 25452066
    4: 0/23  missing: 22641005 22641023 22645021 22645026 22645029 22684210 22684737 22684755 23012641 23022632 23022639 23028333 23029839 23173282 23180202 23263775 23263780 23280285 23280286 23280594 25452061 25452062 25452066
    5: 0/23  missing: 22641005 22641023 22645021 22645026 22645029 22684210 22684737 22684755 23012641 23022632 23022639 23028333 23029839 23173282 23180202 23263775 23263780 23280285 23280286 23280594 25452061 25452062 25452066
    6: 0/23  missing: 22641005 22641023 22645021 22645026 22645029 22684210 22684737 22684755 23012641 23022632 23022639 23028333 23029839 23173282 23180202 23263775 23263780 23280285 23280286 23280594 25452061 25452062 25452066
    7: 0/23  missing: 22641005 22641023 22645021 22645026 22645029 22684210 22684737 22684755 23012641 23022632 23022639 23028333 23029839 23173282 23180202 23263775 23263780 23280285 23280286 23280594 25452061 25452062 25452066
    8: 0/23  missing: 22641005 22641023 22645021 22645026 22645029 22684210 22684737 22684755 23012641 23022632 23022639 23028333 23029839 23173282 23180202 23263775 23263780 23280285 23280286 23280594 25452061 25452062 25452066

  circular_frying_pan: 0/8 episodes
    0: 0/23  missing: 22641005 22641023 22645021 22645026 22645029 22684210 22684737 22684755 23012641 23022632 23022639 23028333 23029839 23173282 23180202 23263775 23263780 23280285 23280286 23280594 25452061 25452062 25452066
    1: 0/23  missing: 22641005 22641023 22645021 22645026 22645029 22684210 22684737 22684755 23012641 23022632 23022639 23028333 23029839 23173282 23180202 23263775 23263780 23280285 23280286 23280594 25452061 25452062 25452066
    2: 0/23  missing: 22641005 22641023 22645021 22645026 22645029 22684210 22684737 22684755 23012641 23022632 23022639 23028333 23029839 23173282 23180202 23263775 23263780 23280285 23280286 23280594 25452061 25452062 25452066
    3: 0/23  missing: 22641005 22641023 22645021 22645026 22645029 22684210 22684737 22684755 23012641 23022632 23022639 23028333 23029839 23173282 23180202 23263775 23263780 23280285 23280286 23280594 25452061 25452062 25452066
    4: 0/23  missing: 22641005 22641023 22645021 22645026 22645029 22684210 22684737 22684755 23012641 23022632 23022639 23028333 23029839 23173282 23180202 23263775 23263780 23280285 23280286 23280594 25452061 25452062 25452066
    5: 0/23  missing: 22641005 22641023 22645021 22645026 22645029 22684210 22684737 22684755 23012641 23022632 23022639 23028333 23029839 23173282 23180202 23263775 23263780 23280285 23280286 23280594 25452061 25452062 25452066
    6: 0/23  missing: 22641005 22641023 22645021 22645026 22645029 22684210 22684737 22684755 23012641 23022632 23022639 23028333 23029839 23173282 23180202 23263775 23263780 23280285 23280286 23280594 25452061 25452062 25452066
    7: 0/23  missing: 22641005 22641023 22645021 22645026 22645029 22684210 22684737 22684755 23012641 23022632 23022639 23028333 23029839 23173282 23180202 23263775 23263780 23280285 23280286 23280594 25452061 25452062 25452066

  clock: 0/7 episodes
    0: 0/23  missing: 22641005 22641023 22645021 22645026 22645029 22684210 22684737 22684755 23012641 23022632 23022639 23028333 23029839 23173282 23180202 23263775 23263780 23280285 23280286 23280594 25452061 25452062 25452066
    1: 0/23  missing: 22641005 22641023 22645021 22645026 22645029 22684210 22684737 22684755 23012641 23022632 23022639 23028333 23029839 23173282 23180202 23263775 23263780 23280285 23280286 23280594 25452061 25452062 25452066
    2: 0/23  missing: 22641005 22641023 22645021 22645026 22645029 22684210 22684737 22684755 23012641 23022632 23022639 23028333 23029839 23173282 23180202 23263775 23263780 23280285 23280286 23280594 25452061 25452062 25452066
    3: 0/23  missing: 22641005 22641023 22645021 22645026 22645029 22684210 22684737 22684755 23012641 23022632 23022639 23028333 23029839 23173282 23180202 23263775 23263780 23280285 23280286 23280594 25452061 25452062 25452066
    4: 0/23  missing: 22641005 22641023 22645021 22645026 22645029 22684210 22684737 22684755 23012641 23022632 23022639 23028333 23029839 23173282 23180202 23263775 23263780 23280285 23280286 23280594 25452061 25452062 25452066
    5: 0/23  missing: 22641005 22641023 22645021 22645026 22645029 22684210 22684737 22684755 23012641 23022632 23022639 23028333 23029839 23173282 23180202 23263775 23263780 23280285 23280286 23280594 25452061 25452062 25452066
    6: 0/23  missing: 22641005 22641023 22645021 22645026 22645029 22684210 22684737 22684755 23012641 23022632 23022639 23028333 23029839 23173282 23180202 23263775 23263780 23280285 23280286 23280594 25452061 25452062 25452066

  clothes_hanger: 0/5 episodes
    0: 0/23  missing: 22641005 22641023 22645021 22645026 22645029 22684210 22684737 22684755 23012641 23022632 23022639 23028333 23029839 23173282 23180202 23263775 23263780 23280285 23280286 23280594 25452061 25452062 25452066
    1: 0/23  missing: 22641005 22641023 22645021 22645026 22645029 22684210 22684737 22684755 23012641 23022632 23022639 23028333 23029839 23173282 23180202 23263775 23263780 23280285 23280286 23280594 25452061 25452062 25452066
    2: 0/23  missing: 22641005 22641023 22645021 22645026 22645029 22684210 22684737 22684755 23012641 23022632 23022639 23028333 23029839 23173282 23180202 23263775 23263780 23280285 23280286 23280594 25452061 25452062 25452066
    3: 0/23  missing: 22641005 22641023 22645021 22645026 22645029 22684210 22684737 22684755 23012641 23022632 23022639 23028333 23029839 23173282 23180202 23263775 23263780 23280285 23280286 23280594 25452061 25452062 25452066
    4: 0/23  missing: 22641005 22641023 22645021 22645026 22645029 22684210 22684737 22684755 23012641 23022632 23022639 23028333 23029839 23173282 23180202 23263775 23263780 23280285 23280286 23280594 25452061 25452062 25452066

  coffee_tin: 0/8 episodes
    0: 0/23  missing: 22641005 22641023 22645021 22645026 22645029 22684210 22684737 22684755 23012641 23022632 23022639 23028333 23029839 23173282 23180202 23263775 23263780 23280285 23280286 23280594 25452061 25452062 25452066
    1: 0/23  missing: 22641005 22641023 22645021 22645026 22645029 22684210 22684737 22684755 23012641 23022632 23022639 23028333 23029839 23173282 23180202 23263775 23263780 23280285 23280286 23280594 25452061 25452062 25452066
    2: 0/23  missing: 22641005 22641023 22645021 22645026 22645029 22684210 22684737 22684755 23012641 23022632 23022639 23028333 23029839 23173282 23180202 23263775 23263780 23280285 23280286 23280594 25452061 25452062 25452066
    3: 0/23  missing: 22641005 22641023 22645021 22645026 22645029 22684210 22684737 22684755 23012641 23022632 23022639 23028333 23029839 23173282 23180202 23263775 23263780 23280285 23280286 23280594 25452061 25452062 25452066
    4: 0/23  missing: 22641005 22641023 22645021 22645026 22645029 22684210 22684737 22684755 23012641 23022632 23022639 23028333 23029839 23173282 23180202 23263775 23263780 23280285 23280286 23280594 25452061 25452062 25452066
    5: 0/23  missing: 22641005 22641023 22645021 22645026 22645029 22684210 22684737 22684755 23012641 23022632 23022639 23028333 23029839 23173282 23180202 23263775 23263780 23280285 23280286 23280594 25452061 25452062 25452066
    6: 0/23  missing: 22641005 22641023 22645021 22645026 22645029 22684210 22684737 22684755 23012641 23022632 23022639 23028333 23029839 23173282 23180202 23263775 23263780 23280285 23280286 23280594 25452061 25452062 25452066
    7: 0/23  missing: 22641005 22641023 22645021 22645026 22645029 22684210 22684737 22684755 23012641 23022632 23022639 23028333 23029839 23173282 23180202 23263775 23263780 23280285 23280286 23280594 25452061 25452062 25452066

  colander_green: 0/8 episodes
    0: no cam_param
    1: no cam_param
    2: 0/23  missing: 22641005 22641023 22645021 22645026 22645029 22684210 22684737 22684755 23012641 23022632 23022639 23028333 23029839 23173282 23180202 23263775 23263780 23280285 23280286 23280594 25452061 25452062 25452066
    3: 0/23  missing: 22641005 22641023 22645021 22645026 22645029 22684210 22684737 22684755 23012641 23022632 23022639 23028333 23029839 23173282 23180202 23263775 23263780 23280285 23280286 23280594 25452061 25452062 25452066
    4: 0/23  missing: 22641005 22641023 22645021 22645026 22645029 22684210 22684737 22684755 23012641 23022632 23022639 23028333 23029839 23173282 23180202 23263775 23263780 23280285 23280286 23280594 25452061 25452062 25452066
    5: 0/23  missing: 22641005 22641023 22645021 22645026 22645029 22684210 22684737 22684755 23012641 23022632 23022639 23028333 23029839 23173282 23180202 23263775 23263780 23280285 23280286 23280594 25452061 25452062 25452066
    6: 0/23  missing: 22641005 22641023 22645021 22645026 22645029 22684210 22684737 22684755 23012641 23022632 23022639 23028333 23029839 23173282 23180202 23263775 23263780 23280285 23280286 23280594 25452061 25452062 25452066
    7: 0/23  missing: 22641005 22641023 22645021 22645026 22645029 22684210 22684737 22684755 23012641 23022632 23022639 23028333 23029839 23173282 23180202 23263775 23263780 23280285 23280286 23280594 25452061 25452062 25452066

  container_pink: 0/7 episodes
    0: 0/23  missing: 22641005 22641023 22645021 22645026 22645029 22684210 22684737 22684755 23012641 23022632 23022639 23028333 23029839 23173282 23180202 23263775 23263780 23280285 23280286 23280594 25452061 25452062 25452066
    1: 0/23  missing: 22641005 22641023 22645021 22645026 22645029 22684210 22684737 22684755 23012641 23022632 23022639 23028333 23029839 23173282 23180202 23263775 23263780 23280285 23280286 23280594 25452061 25452062 25452066
    2: 0/23  missing: 22641005 22641023 22645021 22645026 22645029 22684210 22684737 22684755 23012641 23022632 23022639 23028333 23029839 23173282 23180202 23263775 23263780 23280285 23280286 23280594 25452061 25452062 25452066
    3: 0/23  missing: 22641005 22641023 22645021 22645026 22645029 22684210 22684737 22684755 23012641 23022632 23022639 23028333 23029839 23173282 23180202 23263775 23263780 23280285 23280286 23280594 25452061 25452062 25452066
    4: 0/23  missing: 22641005 22641023 22645021 22645026 22645029 22684210 22684737 22684755 23012641 23022632 23022639 23028333 23029839 23173282 23180202 23263775 23263780 23280285 23280286 23280594 25452061 25452062 25452066
    5: 0/23  missing: 22641005 22641023 22645021 22645026 22645029 22684210 22684737 22684755 23012641 23022632 23022639 23028333 23029839 23173282 23180202 23263775 23263780 23280285 23280286 23280594 25452061 25452062 25452066
    6: 0/23  missing: 22641005 22641023 22645021 22645026 22645029 22684210 22684737 22684755 23012641 23022632 23022639 23028333 23029839 23173282 23180202 23263775 23263780 23280285 23280286 23280594 25452061 25452062 25452066

  donut: 0/6 episodes
    0: 0/23  missing: 22641005 22641023 22645021 22645026 22645029 22684210 22684737 22684755 23012641 23022632 23022639 23028333 23029839 23173282 23180202 23263775 23263780 23280285 23280286 23280594 25452061 25452062 25452066
    1: 0/23  missing: 22641005 22641023 22645021 22645026 22645029 22684210 22684737 22684755 23012641 23022632 23022639 23028333 23029839 23173282 23180202 23263775 23263780 23280285 23280286 23280594 25452061 25452062 25452066
    2: 0/23  missing: 22641005 22641023 22645021 22645026 22645029 22684210 22684737 22684755 23012641 23022632 23022639 23028333 23029839 23173282 23180202 23263775 23263780 23280285 23280286 23280594 25452061 25452062 25452066
    3: 0/23  missing: 22641005 22641023 22645021 22645026 22645029 22684210 22684737 22684755 23012641 23022632 23022639 23028333 23029839 23173282 23180202 23263775 23263780 23280285 23280286 23280594 25452061 25452062 25452066
    4: 0/23  missing: 22641005 22641023 22645021 22645026 22645029 22684210 22684737 22684755 23012641 23022632 23022639 23028333 23029839 23173282 23180202 23263775 23263780 23280285 23280286 23280594 25452061 25452062 25452066
    5: 0/23  missing: 22641005 22641023 22645021 22645026 22645029 22684210 22684737 22684755 23012641 23022632 23022639 23028333 23029839 23173282 23180202 23263775 23263780 23280285 23280286 23280594 25452061 25452062 25452066

  frame_oak: 0/7 episodes
    0: 0/23  missing: 22641005 22641023 22645021 22645026 22645029 22684210 22684737 22684755 23012641 23022632 23022639 23028333 23029839 23173282 23180202 23263775 23263780 23280285 23280286 23280594 25452061 25452062 25452066
    1: 0/23  missing: 22641005 22641023 22645021 22645026 22645029 22684210 22684737 22684755 23012641 23022632 23022639 23028333 23029839 23173282 23180202 23263775 23263780 23280285 23280286 23280594 25452061 25452062 25452066
    2: 0/23  missing: 22641005 22641023 22645021 22645026 22645029 22684210 22684737 22684755 23012641 23022632 23022639 23028333 23029839 23173282 23180202 23263775 23263780 23280285 23280286 23280594 25452061 25452062 25452066
    3: 0/23  missing: 22641005 22641023 22645021 22645026 22645029 22684210 22684737 22684755 23012641 23022632 23022639 23028333 23029839 23173282 23180202 23263775 23263780 23280285 23280286 23280594 25452061 25452062 25452066
    4: 0/23  missing: 22641005 22641023 22645021 22645026 22645029 22684210 22684737 22684755 23012641 23022632 23022639 23028333 23029839 23173282 23180202 23263775 23263780 23280285 23280286 23280594 25452061 25452062 25452066
    5: 0/23  missing: 22641005 22641023 22645021 22645026 22645029 22684210 22684737 22684755 23012641 23022632 23022639 23028333 23029839 23173282 23180202 23263775 23263780 23280285 23280286 23280594 25452061 25452062 25452066
    6: 0/23  missing: 22641005 22641023 22645021 22645026 22645029 22684210 22684737 22684755 23012641 23022632 23022639 23028333 23029839 23173282 23180202 23263775 23263780 23280285 23280286 23280594 25452061 25452062 25452066

  frame_red: 0/5 episodes
    0: 0/23  missing: 22641005 22641023 22645021 22645026 22645029 22684210 22684737 22684755 23012641 23022632 23022639 23028333 23029839 23173282 23180202 23263775 23263780 23280285 23280286 23280594 25452061 25452062 25452066
    1: 0/23  missing: 22641005 22641023 22645021 22645026 22645029 22684210 22684737 22684755 23012641 23022632 23022639 23028333 23029839 23173282 23180202 23263775 23263780 23280285 23280286 23280594 25452061 25452062 25452066
    2: 0/23  missing: 22641005 22641023 22645021 22645026 22645029 22684210 22684737 22684755 23012641 23022632 23022639 23028333 23029839 23173282 23180202 23263775 23263780 23280285 23280286 23280594 25452061 25452062 25452066
    3: 0/23  missing: 22641005 22641023 22645021 22645026 22645029 22684210 22684737 22684755 23012641 23022632 23022639 23028333 23029839 23173282 23180202 23263775 23263780 23280285 23280286 23280594 25452061 25452062 25452066
    4: 0/23  missing: 22641005 22641023 22645021 22645026 22645029 22684210 22684737 22684755 23012641 23022632 23022639 23028333 23029839 23173282 23180202 23263775 23263780 23280285 23280286 23280594 25452061 25452062 25452066

  french_mustard: 0/6 episodes
    0: 0/23  missing: 22641005 22641023 22645021 22645026 22645029 22684210 22684737 22684755 23012641 23022632 23022639 23028333 23029839 23173282 23180202 23263775 23263780 23280285 23280286 23280594 25452061 25452062 25452066
    1: 0/23  missing: 22641005 22641023 22645021 22645026 22645029 22684210 22684737 22684755 23012641 23022632 23022639 23028333 23029839 23173282 23180202 23263775 23263780 23280285 23280286 23280594 25452061 25452062 25452066
    2: 0/23  missing: 22641005 22641023 22645021 22645026 22645029 22684210 22684737 22684755 23012641 23022632 23022639 23028333 23029839 23173282 23180202 23263775 23263780 23280285 23280286 23280594 25452061 25452062 25452066
    3: 0/23  missing: 22641005 22641023 22645021 22645026 22645029 22684210 22684737 22684755 23012641 23022632 23022639 23028333 23029839 23173282 23180202 23263775 23263780 23280285 23280286 23280594 25452061 25452062 25452066
    4: 0/23  missing: 22641005 22641023 22645021 22645026 22645029 22684210 22684737 22684755 23012641 23022632 23022639 23028333 23029839 23173282 23180202 23263775 23263780 23280285 23280286 23280594 25452061 25452062 25452066
    5: 0/23  missing: 22641005 22641023 22645021 22645026 22645029 22684210 22684737 22684755 23012641 23022632 23022639 23028333 23029839 23173282 23180202 23263775 23263780 23280285 23280286 23280594 25452061 25452062 25452066

  frog_bowl: 0/5 episodes
    0: 0/23  missing: 22641005 22641023 22645021 22645026 22645029 22684210 22684737 22684755 23012641 23022632 23022639 23028333 23029839 23173282 23180202 23263775 23263780 23280285 23280286 23280594 25452061 25452062 25452066
    1: 0/23  missing: 22641005 22641023 22645021 22645026 22645029 22684210 22684737 22684755 23012641 23022632 23022639 23028333 23029839 23173282 23180202 23263775 23263780 23280285 23280286 23280594 25452061 25452062 25452066
    2: 0/23  missing: 22641005 22641023 22645021 22645026 22645029 22684210 22684737 22684755 23012641 23022632 23022639 23028333 23029839 23173282 23180202 23263775 23263780 23280285 23280286 23280594 25452061 25452062 25452066
    3: 0/23  missing: 22641005 22641023 22645021 22645026 22645029 22684210 22684737 22684755 23012641 23022632 23022639 23028333 23029839 23173282 23180202 23263775 23263780 23280285 23280286 23280594 25452061 25452062 25452066
    4: 0/23  missing: 22641005 22641023 22645021 22645026 22645029 22684210 22684737 22684755 23012641 23022632 23022639 23028333 23029839 23173282 23180202 23263775 23263780 23280285 23280286 23280594 25452061 25452062 25452066

  frog_cup: 0/7 episodes
    0: 0/23  missing: 22641005 22641023 22645021 22645026 22645029 22684210 22684737 22684755 23012641 23022632 23022639 23028333 23029839 23173282 23180202 23263775 23263780 23280285 23280286 23280594 25452061 25452062 25452066
    1: 0/23  missing: 22641005 22641023 22645021 22645026 22645029 22684210 22684737 22684755 23012641 23022632 23022639 23028333 23029839 23173282 23180202 23263775 23263780 23280285 23280286 23280594 25452061 25452062 25452066
    2: 0/23  missing: 22641005 22641023 22645021 22645026 22645029 22684210 22684737 22684755 23012641 23022632 23022639 23028333 23029839 23173282 23180202 23263775 23263780 23280285 23280286 23280594 25452061 25452062 25452066
    3: 0/23  missing: 22641005 22641023 22645021 22645026 22645029 22684210 22684737 22684755 23012641 23022632 23022639 23028333 23029839 23173282 23180202 23263775 23263780 23280285 23280286 23280594 25452061 25452062 25452066
    4: 0/23  missing: 22641005 22641023 22645021 22645026 22645029 22684210 22684737 22684755 23012641 23022632 23022639 23028333 23029839 23173282 23180202 23263775 23263780 23280285 23280286 23280594 25452061 25452062 25452066
    5: 0/23  missing: 22641005 22641023 22645021 22645026 22645029 22684210 22684737 22684755 23012641 23022632 23022639 23028333 23029839 23173282 23180202 23263775 23263780 23280285 23280286 23280594 25452061 25452062 25452066
    6: 0/23  missing: 22641005 22641023 22645021 22645026 22645029 22684210 22684737 22684755 23012641 23022632 23022639 23028333 23029839 23173282 23180202 23263775 23263780 23280285 23280286 23280594 25452061 25452062 25452066

  fruit_cutter_base: 0/7 episodes
    0: 0/23  missing: 22641005 22641023 22645021 22645026 22645029 22684210 22684737 22684755 23012641 23022632 23022639 23028333 23029839 23173282 23180202 23263775 23263780 23280285 23280286 23280594 25452061 25452062 25452066
    1: 0/23  missing: 22641005 22641023 22645021 22645026 22645029 22684210 22684737 22684755 23012641 23022632 23022639 23028333 23029839 23173282 23180202 23263775 23263780 23280285 23280286 23280594 25452061 25452062 25452066
    2: 0/23  missing: 22641005 22641023 22645021 22645026 22645029 22684210 22684737 22684755 23012641 23022632 23022639 23028333 23029839 23173282 23180202 23263775 23263780 23280285 23280286 23280594 25452061 25452062 25452066
    3: 0/23  missing: 22641005 22641023 22645021 22645026 22645029 22684210 22684737 22684755 23012641 23022632 23022639 23028333 23029839 23173282 23180202 23263775 23263780 23280285 23280286 23280594 25452061 25452062 25452066
    4: 0/23  missing: 22641005 22641023 22645021 22645026 22645029 22684210 22684737 22684755 23012641 23022632 23022639 23028333 23029839 23173282 23180202 23263775 23263780 23280285 23280286 23280594 25452061 25452062 25452066
    5: 0/23  missing: 22641005 22641023 22645021 22645026 22645029 22684210 22684737 22684755 23012641 23022632 23022639 23028333 23029839 23173282 23180202 23263775 23263780 23280285 23280286 23280594 25452061 25452062 25452066
    6: 0/23  missing: 22641005 22641023 22645021 22645026 22645029 22684210 22684737 22684755 23012641 23022632 23022639 23028333 23029839 23173282 23180202 23263775 23263780 23280285 23280286 23280594 25452061 25452062 25452066

  fruit_cutter_green: 0/11 episodes
    0: 0/23  missing: 22641005 22641023 22645021 22645026 22645029 22684210 22684737 22684755 23012641 23022632 23022639 23028333 23029839 23173282 23180202 23263775 23263780 23280285 23280286 23280594 25452061 25452062 25452066
    1: 0/23  missing: 22641005 22641023 22645021 22645026 22645029 22684210 22684737 22684755 23012641 23022632 23022639 23028333 23029839 23173282 23180202 23263775 23263780 23280285 23280286 23280594 25452061 25452062 25452066
    10: 0/23  missing: 22641005 22641023 22645021 22645026 22645029 22684210 22684737 22684755 23012641 23022632 23022639 23028333 23029839 23173282 23180202 23263775 23263780 23280285 23280286 23280594 25452061 25452062 25452066
    2: 0/23  missing: 22641005 22641023 22645021 22645026 22645029 22684210 22684737 22684755 23012641 23022632 23022639 23028333 23029839 23173282 23180202 23263775 23263780 23280285 23280286 23280594 25452061 25452062 25452066
    3: 0/23  missing: 22641005 22641023 22645021 22645026 22645029 22684210 22684737 22684755 23012641 23022632 23022639 23028333 23029839 23173282 23180202 23263775 23263780 23280285 23280286 23280594 25452061 25452062 25452066
    4: 0/23  missing: 22641005 22641023 22645021 22645026 22645029 22684210 22684737 22684755 23012641 23022632 23022639 23028333 23029839 23173282 23180202 23263775 23263780 23280285 23280286 23280594 25452061 25452062 25452066
    5: 0/23  missing: 22641005 22641023 22645021 22645026 22645029 22684210 22684737 22684755 23012641 23022632 23022639 23028333 23029839 23173282 23180202 23263775 23263780 23280285 23280286 23280594 25452061 25452062 25452066
    6: 0/23  missing: 22641005 22641023 22645021 22645026 22645029 22684210 22684737 22684755 23012641 23022632 23022639 23028333 23029839 23173282 23180202 23263775 23263780 23280285 23280286 23280594 25452061 25452062 25452066
    7: 0/23  missing: 22641005 22641023 22645021 22645026 22645029 22684210 22684737 22684755 23012641 23022632 23022639 23028333 23029839 23173282 23180202 23263775 23263780 23280285 23280286 23280594 25452061 25452062 25452066
    8: 0/23  missing: 22641005 22641023 22645021 22645026 22645029 22684210 22684737 22684755 23012641 23022632 23022639 23028333 23029839 23173282 23180202 23263775 23263780 23280285 23280286 23280594 25452061 25452062 25452066
    9: 0/23  missing: 22641005 22641023 22645021 22645026 22645029 22684210 22684737 22684755 23012641 23022632 23022639 23028333 23029839 23173282 23180202 23263775 23263780 23280285 23280286 23280594 25452061 25452062 25452066

  green_attached_container: 0/10 episodes
    0: 0/23  missing: 22641005 22641023 22645021 22645026 22645029 22684210 22684737 22684755 23012641 23022632 23022639 23028333 23029839 23173282 23180202 23263775 23263780 23280285 23280286 23280594 25452061 25452062 25452066
    1: 0/23  missing: 22641005 22641023 22645021 22645026 22645029 22684210 22684737 22684755 23012641 23022632 23022639 23028333 23029839 23173282 23180202 23263775 23263780 23280285 23280286 23280594 25452061 25452062 25452066
    2: 0/23  missing: 22641005 22641023 22645021 22645026 22645029 22684210 22684737 22684755 23012641 23022632 23022639 23028333 23029839 23173282 23180202 23263775 23263780 23280285 23280286 23280594 25452061 25452062 25452066
    3: 0/23  missing: 22641005 22641023 22645021 22645026 22645029 22684210 22684737 22684755 23012641 23022632 23022639 23028333 23029839 23173282 23180202 23263775 23263780 23280285 23280286 23280594 25452061 25452062 25452066
    4: no cam_param
    5: no cam_param
    6: 0/23  missing: 22641005 22641023 22645021 22645026 22645029 22684210 22684737 22684755 23012641 23022632 23022639 23028333 23029839 23173282 23180202 23263775 23263780 23280285 23280286 23280594 25452061 25452062 25452066
    7: 0/23  missing: 22641005 22641023 22645021 22645026 22645029 22684210 22684737 22684755 23012641 23022632 23022639 23028333 23029839 23173282 23180202 23263775 23263780 23280285 23280286 23280594 25452061 25452062 25452066
    8: 0/23  missing: 22641005 22641023 22645021 22645026 22645029 22684210 22684737 22684755 23012641 23022632 23022639 23028333 23029839 23173282 23180202 23263775 23263780 23280285 23280286 23280594 25452061 25452062 25452066
    9: 0/23  missing: 22641005 22641023 22645021 22645026 22645029 22684210 22684737 22684755 23012641 23022632 23022639 23028333 23029839 23173282 23180202 23263775 23263780 23280285 23280286 23280594 25452061 25452062 25452066

  green_cactus_vase: 0/8 episodes
    0: 0/23  missing: 22641005 22641023 22645021 22645026 22645029 22684210 22684737 22684755 23012641 23022632 23022639 23028333 23029839 23173282 23180202 23263775 23263780 23280285 23280286 23280594 25452061 25452062 25452066
    1: 0/23  missing: 22641005 22641023 22645021 22645026 22645029 22684210 22684737 22684755 23012641 23022632 23022639 23028333 23029839 23173282 23180202 23263775 23263780 23280285 23280286 23280594 25452061 25452062 25452066
    2: 0/23  missing: 22641005 22641023 22645021 22645026 22645029 22684210 22684737 22684755 23012641 23022632 23022639 23028333 23029839 23173282 23180202 23263775 23263780 23280285 23280286 23280594 25452061 25452062 25452066
    3: 0/23  missing: 22641005 22641023 22645021 22645026 22645029 22684210 22684737 22684755 23012641 23022632 23022639 23028333 23029839 23173282 23180202 23263775 23263780 23280285 23280286 23280594 25452061 25452062 25452066
    4: 0/23  missing: 22641005 22641023 22645021 22645026 22645029 22684210 22684737 22684755 23012641 23022632 23022639 23028333 23029839 23173282 23180202 23263775 23263780 23280285 23280286 23280594 25452061 25452062 25452066
    5: 0/23  missing: 22641005 22641023 22645021 22645026 22645029 22684210 22684737 22684755 23012641 23022632 23022639 23028333 23029839 23173282 23180202 23263775 23263780 23280285 23280286 23280594 25452061 25452062 25452066
    6: 0/23  missing: 22641005 22641023 22645021 22645026 22645029 22684210 22684737 22684755 23012641 23022632 23022639 23028333 23029839 23173282 23180202 23263775 23263780 23280285 23280286 23280594 25452061 25452062 25452066
    7: 0/23  missing: 22641005 22641023 22645021 22645026 22645029 22684210 22684737 22684755 23012641 23022632 23022639 23028333 23029839 23173282 23180202 23263775 23263780 23280285 23280286 23280594 25452061 25452062 25452066

  green_glass: 0/7 episodes
    0: 0/23  missing: 22641005 22641023 22645021 22645026 22645029 22684210 22684737 22684755 23012641 23022632 23022639 23028333 23029839 23173282 23180202 23263775 23263780 23280285 23280286 23280594 25452061 25452062 25452066
    1: 0/23  missing: 22641005 22641023 22645021 22645026 22645029 22684210 22684737 22684755 23012641 23022632 23022639 23028333 23029839 23173282 23180202 23263775 23263780 23280285 23280286 23280594 25452061 25452062 25452066
    2: 0/23  missing: 22641005 22641023 22645021 22645026 22645029 22684210 22684737 22684755 23012641 23022632 23022639 23028333 23029839 23173282 23180202 23263775 23263780 23280285 23280286 23280594 25452061 25452062 25452066
    3: 0/23  missing: 22641005 22641023 22645021 22645026 22645029 22684210 22684737 22684755 23012641 23022632 23022639 23028333 23029839 23173282 23180202 23263775 23263780 23280285 23280286 23280594 25452061 25452062 25452066
    4: 0/23  missing: 22641005 22641023 22645021 22645026 22645029 22684210 22684737 22684755 23012641 23022632 23022639 23028333 23029839 23173282 23180202 23263775 23263780 23280285 23280286 23280594 25452061 25452062 25452066
    5: 0/23  missing: 22641005 22641023 22645021 22645026 22645029 22684210 22684737 22684755 23012641 23022632 23022639 23028333 23029839 23173282 23180202 23263775 23263780 23280285 23280286 23280594 25452061 25452062 25452066
    6: 0/23  missing: 22641005 22641023 22645021 22645026 22645029 22684210 22684737 22684755 23012641 23022632 23022639 23028333 23029839 23173282 23180202 23263775 23263780 23280285 23280286 23280594 25452061 25452062 25452066

  green_soap_dispenser: 0/8 episodes
    0: 0/23  missing: 22641005 22641023 22645021 22645026 22645029 22684210 22684737 22684755 23012641 23022632 23022639 23028333 23029839 23173282 23180202 23263775 23263780 23280285 23280286 23280594 25452061 25452062 25452066
    1: 0/23  missing: 22641005 22641023 22645021 22645026 22645029 22684210 22684737 22684755 23012641 23022632 23022639 23028333 23029839 23173282 23180202 23263775 23263780 23280285 23280286 23280594 25452061 25452062 25452066
    2: 0/23  missing: 22641005 22641023 22645021 22645026 22645029 22684210 22684737 22684755 23012641 23022632 23022639 23028333 23029839 23173282 23180202 23263775 23263780 23280285 23280286 23280594 25452061 25452062 25452066
    3: 0/23  missing: 22641005 22641023 22645021 22645026 22645029 22684210 22684737 22684755 23012641 23022632 23022639 23028333 23029839 23173282 23180202 23263775 23263780 23280285 23280286 23280594 25452061 25452062 25452066
    4: 0/23  missing: 22641005 22641023 22645021 22645026 22645029 22684210 22684737 22684755 23012641 23022632 23022639 23028333 23029839 23173282 23180202 23263775 23263780 23280285 23280286 23280594 25452061 25452062 25452066
    5: 0/23  missing: 22641005 22641023 22645021 22645026 22645029 22684210 22684737 22684755 23012641 23022632 23022639 23028333 23029839 23173282 23180202 23263775 23263780 23280285 23280286 23280594 25452061 25452062 25452066
    6: 0/23  missing: 22641005 22641023 22645021 22645026 22645029 22684210 22684737 22684755 23012641 23022632 23022639 23028333 23029839 23173282 23180202 23263775 23263780 23280285 23280286 23280594 25452061 25452062 25452066
    7: 0/23  missing: 22641005 22641023 22645021 22645026 22645029 22684210 22684737 22684755 23012641 23022632 23022639 23028333 23029839 23173282 23180202 23263775 23263780 23280285 23280286 23280594 25452061 25452062 25452066

  green_tray: 0/6 episodes
    0: 0/23  missing: 22641005 22641023 22645021 22645026 22645029 22684210 22684737 22684755 23012641 23022632 23022639 23028333 23029839 23173282 23180202 23263775 23263780 23280285 23280286 23280594 25452061 25452062 25452066
    1: 0/23  missing: 22641005 22641023 22645021 22645026 22645029 22684210 22684737 22684755 23012641 23022632 23022639 23028333 23029839 23173282 23180202 23263775 23263780 23280285 23280286 23280594 25452061 25452062 25452066
    2: 0/23  missing: 22641005 22641023 22645021 22645026 22645029 22684210 22684737 22684755 23012641 23022632 23022639 23028333 23029839 23173282 23180202 23263775 23263780 23280285 23280286 23280594 25452061 25452062 25452066
    3: 0/23  missing: 22641005 22641023 22645021 22645026 22645029 22684210 22684737 22684755 23012641 23022632 23022639 23028333 23029839 23173282 23180202 23263775 23263780 23280285 23280286 23280594 25452061 25452062 25452066
    4: 0/23  missing: 22641005 22641023 22645021 22645026 22645029 22684210 22684737 22684755 23012641 23022632 23022639 23028333 23029839 23173282 23180202 23263775 23263780 23280285 23280286 23280594 25452061 25452062 25452066
    5: 0/23  missing: 22641005 22641023 22645021 22645026 22645029 22684210 22684737 22684755 23012641 23022632 23022639 23028333 23029839 23173282 23180202 23263775 23263780 23280285 23280286 23280594 25452061 25452062 25452066

  grey_pot: 0/9 episodes
    0: 0/23  missing: 22641005 22641023 22645021 22645026 22645029 22684210 22684737 22684755 23012641 23022632 23022639 23028333 23029839 23173282 23180202 23263775 23263780 23280285 23280286 23280594 25452061 25452062 25452066
    1: 0/23  missing: 22641005 22641023 22645021 22645026 22645029 22684210 22684737 22684755 23012641 23022632 23022639 23028333 23029839 23173282 23180202 23263775 23263780 23280285 23280286 23280594 25452061 25452062 25452066
    2: 0/23  missing: 22641005 22641023 22645021 22645026 22645029 22684210 22684737 22684755 23012641 23022632 23022639 23028333 23029839 23173282 23180202 23263775 23263780 23280285 23280286 23280594 25452061 25452062 25452066
    3: 0/23  missing: 22641005 22641023 22645021 22645026 22645029 22684210 22684737 22684755 23012641 23022632 23022639 23028333 23029839 23173282 23180202 23263775 23263780 23280285 23280286 23280594 25452061 25452062 25452066
    4: 0/23  missing: 22641005 22641023 22645021 22645026 22645029 22684210 22684737 22684755 23012641 23022632 23022639 23028333 23029839 23173282 23180202 23263775 23263780 23280285 23280286 23280594 25452061 25452062 25452066
    5: 0/23  missing: 22641005 22641023 22645021 22645026 22645029 22684210 22684737 22684755 23012641 23022632 23022639 23028333 23029839 23173282 23180202 23263775 23263780 23280285 23280286 23280594 25452061 25452062 25452066
    6: 0/23  missing: 22641005 22641023 22645021 22645026 22645029 22684210 22684737 22684755 23012641 23022632 23022639 23028333 23029839 23173282 23180202 23263775 23263780 23280285 23280286 23280594 25452061 25452062 25452066
    7: 0/23  missing: 22641005 22641023 22645021 22645026 22645029 22684210 22684737 22684755 23012641 23022632 23022639 23028333 23029839 23173282 23180202 23263775 23263780 23280285 23280286 23280594 25452061 25452062 25452066
    8: 0/23  missing: 22641005 22641023 22645021 22645026 22645029 22684210 22684737 22684755 23012641 23022632 23022639 23028333 23029839 23173282 23180202 23263775 23263780 23280285 23280286 23280594 25452061 25452062 25452066

  grid_desktop_organzier: 0/6 episodes
    0: 0/23  missing: 22641005 22641023 22645021 22645026 22645029 22684210 22684737 22684755 23012641 23022632 23022639 23028333 23029839 23173282 23180202 23263775 23263780 23280285 23280286 23280594 25452061 25452062 25452066
    1: 0/23  missing: 22641005 22641023 22645021 22645026 22645029 22684210 22684737 22684755 23012641 23022632 23022639 23028333 23029839 23173282 23180202 23263775 23263780 23280285 23280286 23280594 25452061 25452062 25452066
    2: 0/23  missing: 22641005 22641023 22645021 22645026 22645029 22684210 22684737 22684755 23012641 23022632 23022639 23028333 23029839 23173282 23180202 23263775 23263780 23280285 23280286 23280594 25452061 25452062 25452066
    3: 0/23  missing: 22641005 22641023 22645021 22645026 22645029 22684210 22684737 22684755 23012641 23022632 23022639 23028333 23029839 23173282 23180202 23263775 23263780 23280285 23280286 23280594 25452061 25452062 25452066
    4: 0/23  missing: 22641005 22641023 22645021 22645026 22645029 22684210 22684737 22684755 23012641 23022632 23022639 23028333 23029839 23173282 23180202 23263775 23263780 23280285 23280286 23280594 25452061 25452062 25452066
    5: 0/23  missing: 22641005 22641023 22645021 22645026 22645029 22684210 22684737 22684755 23012641 23022632 23022639 23028333 23029839 23173282 23180202 23263775 23263780 23280285 23280286 23280594 25452061 25452062 25452066

  hammer: 0/8 episodes
    0: 0/23  missing: 22641005 22641023 22645021 22645026 22645029 22684210 22684737 22684755 23012641 23022632 23022639 23028333 23029839 23173282 23180202 23263775 23263780 23280285 23280286 23280594 25452061 25452062 25452066
    1: 0/23  missing: 22641005 22641023 22645021 22645026 22645029 22684210 22684737 22684755 23012641 23022632 23022639 23028333 23029839 23173282 23180202 23263775 23263780 23280285 23280286 23280594 25452061 25452062 25452066
    2: 0/23  missing: 22641005 22641023 22645021 22645026 22645029 22684210 22684737 22684755 23012641 23022632 23022639 23028333 23029839 23173282 23180202 23263775 23263780 23280285 23280286 23280594 25452061 25452062 25452066
    3: 0/23  missing: 22641005 22641023 22645021 22645026 22645029 22684210 22684737 22684755 23012641 23022632 23022639 23028333 23029839 23173282 23180202 23263775 23263780 23280285 23280286 23280594 25452061 25452062 25452066
    4: 0/23  missing: 22641005 22641023 22645021 22645026 22645029 22684210 22684737 22684755 23012641 23022632 23022639 23028333 23029839 23173282 23180202 23263775 23263780 23280285 23280286 23280594 25452061 25452062 25452066
    5: 0/23  missing: 22641005 22641023 22645021 22645026 22645029 22684210 22684737 22684755 23012641 23022632 23022639 23028333 23029839 23173282 23180202 23263775 23263780 23280285 23280286 23280594 25452061 25452062 25452066
    6: 0/23  missing: 22641005 22641023 22645021 22645026 22645029 22684210 22684737 22684755 23012641 23022632 23022639 23028333 23029839 23173282 23180202 23263775 23263780 23280285 23280286 23280594 25452061 25452062 25452066
    7: 0/23  missing: 22641005 22641023 22645021 22645026 22645029 22684210 22684737 22684755 23012641 23022632 23022639 23028333 23029839 23173282 23180202 23263775 23263780 23280285 23280286 23280594 25452061 25452062 25452066

  icecream_scoop: 0/7 episodes
    0: 0/23  missing: 22641005 22641023 22645021 22645026 22645029 22684210 22684737 22684755 23012641 23022632 23022639 23028333 23029839 23173282 23180202 23263775 23263780 23280285 23280286 23280594 25452061 25452062 25452066
    1: 0/23  missing: 22641005 22641023 22645021 22645026 22645029 22684210 22684737 22684755 23012641 23022632 23022639 23028333 23029839 23173282 23180202 23263775 23263780 23280285 23280286 23280594 25452061 25452062 25452066
    2: 0/23  missing: 22641005 22641023 22645021 22645026 22645029 22684210 22684737 22684755 23012641 23022632 23022639 23028333 23029839 23173282 23180202 23263775 23263780 23280285 23280286 23280594 25452061 25452062 25452066
    3: 0/23  missing: 22641005 22641023 22645021 22645026 22645029 22684210 22684737 22684755 23012641 23022632 23022639 23028333 23029839 23173282 23180202 23263775 23263780 23280285 23280286 23280594 25452061 25452062 25452066
    4: 0/23  missing: 22641005 22641023 22645021 22645026 22645029 22684210 22684737 22684755 23012641 23022632 23022639 23028333 23029839 23173282 23180202 23263775 23263780 23280285 23280286 23280594 25452061 25452062 25452066
    5: 0/23  missing: 22641005 22641023 22645021 22645026 22645029 22684210 22684737 22684755 23012641 23022632 23022639 23028333 23029839 23173282 23180202 23263775 23263780 23280285 23280286 23280594 25452061 25452062 25452066
    6: 0/23  missing: 22641005 22641023 22645021 22645026 22645029 22684210 22684737 22684755 23012641 23022632 23022639 23028333 23029839 23173282 23180202 23263775 23263780 23280285 23280286 23280594 25452061 25452062 25452066

  instant_rice: 0/7 episodes
    0: 0/23  missing: 22641005 22641023 22645021 22645026 22645029 22684210 22684737 22684755 23012641 23022632 23022639 23028333 23029839 23173282 23180202 23263775 23263780 23280285 23280286 23280594 25452061 25452062 25452066
    1: 0/23  missing: 22641005 22641023 22645021 22645026 22645029 22684210 22684737 22684755 23012641 23022632 23022639 23028333 23029839 23173282 23180202 23263775 23263780 23280285 23280286 23280594 25452061 25452062 25452066
    2: 0/23  missing: 22641005 22641023 22645021 22645026 22645029 22684210 22684737 22684755 23012641 23022632 23022639 23028333 23029839 23173282 23180202 23263775 23263780 23280285 23280286 23280594 25452061 25452062 25452066
    3: 0/23  missing: 22641005 22641023 22645021 22645026 22645029 22684210 22684737 22684755 23012641 23022632 23022639 23028333 23029839 23173282 23180202 23263775 23263780 23280285 23280286 23280594 25452061 25452062 25452066
    4: 0/23  missing: 22641005 22641023 22645021 22645026 22645029 22684210 22684737 22684755 23012641 23022632 23022639 23028333 23029839 23173282 23180202 23263775 23263780 23280285 23280286 23280594 25452061 25452062 25452066
    5: 0/23  missing: 22641005 22641023 22645021 22645026 22645029 22684210 22684737 22684755 23012641 23022632 23022639 23028333 23029839 23173282 23180202 23263775 23263780 23280285 23280286 23280594 25452061 25452062 25452066
    6: 0/23  missing: 22641005 22641023 22645021 22645026 22645029 22684210 22684737 22684755 23012641 23022632 23022639 23028333 23029839 23173282 23180202 23263775 23263780 23280285 23280286 23280594 25452061 25452062 25452066

  jja_ramen: 0/7 episodes
    0: 0/23  missing: 22641005 22641023 22645021 22645026 22645029 22684210 22684737 22684755 23012641 23022632 23022639 23028333 23029839 23173282 23180202 23263775 23263780 23280285 23280286 23280594 25452061 25452062 25452066
    1: 0/23  missing: 22641005 22641023 22645021 22645026 22645029 22684210 22684737 22684755 23012641 23022632 23022639 23028333 23029839 23173282 23180202 23263775 23263780 23280285 23280286 23280594 25452061 25452062 25452066
    2: 0/23  missing: 22641005 22641023 22645021 22645026 22645029 22684210 22684737 22684755 23012641 23022632 23022639 23028333 23029839 23173282 23180202 23263775 23263780 23280285 23280286 23280594 25452061 25452062 25452066
    3: 0/23  missing: 22641005 22641023 22645021 22645026 22645029 22684210 22684737 22684755 23012641 23022632 23022639 23028333 23029839 23173282 23180202 23263775 23263780 23280285 23280286 23280594 25452061 25452062 25452066
    4: 0/23  missing: 22641005 22641023 22645021 22645026 22645029 22684210 22684737 22684755 23012641 23022632 23022639 23028333 23029839 23173282 23180202 23263775 23263780 23280285 23280286 23280594 25452061 25452062 25452066
    5: 0/23  missing: 22641005 22641023 22645021 22645026 22645029 22684210 22684737 22684755 23012641 23022632 23022639 23028333 23029839 23173282 23180202 23263775 23263780 23280285 23280286 23280594 25452061 25452062 25452066
    6: 0/23  missing: 22641005 22641023 22645021 22645026 22645029 22684210 22684737 22684755 23012641 23022632 23022639 23028333 23029839 23173282 23180202 23263775 23263780 23280285 23280286 23280594 25452061 25452062 25452066

  knife_sharpener: 0/7 episodes
    0: 0/23  missing: 22641005 22641023 22645021 22645026 22645029 22684210 22684737 22684755 23012641 23022632 23022639 23028333 23029839 23173282 23180202 23263775 23263780 23280285 23280286 23280594 25452061 25452062 25452066
    1: 0/23  missing: 22641005 22641023 22645021 22645026 22645029 22684210 22684737 22684755 23012641 23022632 23022639 23028333 23029839 23173282 23180202 23263775 23263780 23280285 23280286 23280594 25452061 25452062 25452066
    2: 0/23  missing: 22641005 22641023 22645021 22645026 22645029 22684210 22684737 22684755 23012641 23022632 23022639 23028333 23029839 23173282 23180202 23263775 23263780 23280285 23280286 23280594 25452061 25452062 25452066
    3: 0/23  missing: 22641005 22641023 22645021 22645026 22645029 22684210 22684737 22684755 23012641 23022632 23022639 23028333 23029839 23173282 23180202 23263775 23263780 23280285 23280286 23280594 25452061 25452062 25452066
    4: 0/23  missing: 22641005 22641023 22645021 22645026 22645029 22684210 22684737 22684755 23012641 23022632 23022639 23028333 23029839 23173282 23180202 23263775 23263780 23280285 23280286 23280594 25452061 25452062 25452066
    5: 0/23  missing: 22641005 22641023 22645021 22645026 22645029 22684210 22684737 22684755 23012641 23022632 23022639 23028333 23029839 23173282 23180202 23263775 23263780 23280285 23280286 23280594 25452061 25452062 25452066
    6: 0/23  missing: 22641005 22641023 22645021 22645026 22645029 22684210 22684737 22684755 23012641 23022632 23022639 23028333 23029839 23173282 23180202 23263775 23263780 23280285 23280286 23280594 25452061 25452062 25452066

  large_peg: 0/6 episodes
    0: 0/23  missing: 22641005 22641023 22645021 22645026 22645029 22684210 22684737 22684755 23012641 23022632 23022639 23028333 23029839 23173282 23180202 23263775 23263780 23280285 23280286 23280594 25452061 25452062 25452066
    1: 0/23  missing: 22641005 22641023 22645021 22645026 22645029 22684210 22684737 22684755 23012641 23022632 23022639 23028333 23029839 23173282 23180202 23263775 23263780 23280285 23280286 23280594 25452061 25452062 25452066
    2: 0/23  missing: 22641005 22641023 22645021 22645026 22645029 22684210 22684737 22684755 23012641 23022632 23022639 23028333 23029839 23173282 23180202 23263775 23263780 23280285 23280286 23280594 25452061 25452062 25452066
    3: 0/23  missing: 22641005 22641023 22645021 22645026 22645029 22684210 22684737 22684755 23012641 23022632 23022639 23028333 23029839 23173282 23180202 23263775 23263780 23280285 23280286 23280594 25452061 25452062 25452066
    4: 0/23  missing: 22641005 22641023 22645021 22645026 22645029 22684210 22684737 22684755 23012641 23022632 23022639 23028333 23029839 23173282 23180202 23263775 23263780 23280285 23280286 23280594 25452061 25452062 25452066
    5: 0/23  missing: 22641005 22641023 22645021 22645026 22645029 22684210 22684737 22684755 23012641 23022632 23022639 23028333 23029839 23173282 23180202 23263775 23263780 23280285 23280286 23280594 25452061 25452062 25452066

  lemon: 0/5 episodes
    0: 0/23  missing: 22641005 22641023 22645021 22645026 22645029 22684210 22684737 22684755 23012641 23022632 23022639 23028333 23029839 23173282 23180202 23263775 23263780 23280285 23280286 23280594 25452061 25452062 25452066
    1: 0/23  missing: 22641005 22641023 22645021 22645026 22645029 22684210 22684737 22684755 23012641 23022632 23022639 23028333 23029839 23173282 23180202 23263775 23263780 23280285 23280286 23280594 25452061 25452062 25452066
    2: 0/23  missing: 22641005 22641023 22645021 22645026 22645029 22684210 22684737 22684755 23012641 23022632 23022639 23028333 23029839 23173282 23180202 23263775 23263780 23280285 23280286 23280594 25452061 25452062 25452066
    3: 0/23  missing: 22641005 22641023 22645021 22645026 22645029 22684210 22684737 22684755 23012641 23022632 23022639 23028333 23029839 23173282 23180202 23263775 23263780 23280285 23280286 23280594 25452061 25452062 25452066
    4: 0/23  missing: 22641005 22641023 22645021 22645026 22645029 22684210 22684737 22684755 23012641 23022632 23022639 23028333 23029839 23173282 23180202 23263775 23263780 23280285 23280286 23280594 25452061 25452062 25452066

  lemon_squeezer: 0/16 episodes
    0: no cam_param
    1: no cam_param
    10: no cam_param
    11: 0/23  missing: 22641005 22641023 22645021 22645026 22645029 22684210 22684737 22684755 23012641 23022632 23022639 23028333 23029839 23173282 23180202 23263775 23263780 23280285 23280286 23280594 25452061 25452062 25452066
    12: 0/23  missing: 22641005 22641023 22645021 22645026 22645029 22684210 22684737 22684755 23012641 23022632 23022639 23028333 23029839 23173282 23180202 23263775 23263780 23280285 23280286 23280594 25452061 25452062 25452066
    13: 0/23  missing: 22641005 22641023 22645021 22645026 22645029 22684210 22684737 22684755 23012641 23022632 23022639 23028333 23029839 23173282 23180202 23263775 23263780 23280285 23280286 23280594 25452061 25452062 25452066
    14: 0/23  missing: 22641005 22641023 22645021 22645026 22645029 22684210 22684737 22684755 23012641 23022632 23022639 23028333 23029839 23173282 23180202 23263775 23263780 23280285 23280286 23280594 25452061 25452062 25452066
    15: 0/23  missing: 22641005 22641023 22645021 22645026 22645029 22684210 22684737 22684755 23012641 23022632 23022639 23028333 23029839 23173282 23180202 23263775 23263780 23280285 23280286 23280594 25452061 25452062 25452066
    2: 0/23  missing: 22641005 22641023 22645021 22645026 22645029 22684210 22684737 22684755 23012641 23022632 23022639 23028333 23029839 23173282 23180202 23263775 23263780 23280285 23280286 23280594 25452061 25452062 25452066
    3: 0/23  missing: 22641005 22641023 22645021 22645026 22645029 22684210 22684737 22684755 23012641 23022632 23022639 23028333 23029839 23173282 23180202 23263775 23263780 23280285 23280286 23280594 25452061 25452062 25452066
    4: 0/23  missing: 22641005 22641023 22645021 22645026 22645029 22684210 22684737 22684755 23012641 23022632 23022639 23028333 23029839 23173282 23180202 23263775 23263780 23280285 23280286 23280594 25452061 25452062 25452066
    5: 0/23  missing: 22641005 22641023 22645021 22645026 22645029 22684210 22684737 22684755 23012641 23022632 23022639 23028333 23029839 23173282 23180202 23263775 23263780 23280285 23280286 23280594 25452061 25452062 25452066
    6: 0/19  missing: 22641005 22641023 22645021 22645026 22645029 22684210 22684737 22684755 23012641 23022632 23022639 23028333 23029839 23173282 23180202 23263775 23263780 23280285 23280286
    7: 0/2  missing: 22684755 23263780
    8: 0/2  missing: 22684755 23263780
    9: no cam_param

  light_green_basket: 0/5 episodes
    0: 0/2  missing: 22684755 23263780
    1: 0/2  missing: 22684755 23263780
    2: 0/2  missing: 22684755 23263780
    3: 0/2  missing: 22684755 23263780
    4: 0/2  missing: 22684755 23263780

  lilac_food_container: 0/5 episodes
    0: 0/2  missing: 22684755 23263780
    1: 0/2  missing: 22684755 23263780
    2: 0/2  missing: 22684755 23263780
    3: 0/2  missing: 22684755 23263780
    4: 0/2  missing: 22684755 23263780

  lotion: 0/5 episodes
    0: 0/2  missing: 22684755 23263780
    1: 0/2  missing: 22684755 23263780
    2: 0/2  missing: 22684755 23263780
    3: 0/2  missing: 22684755 23263780
    4: 0/2  missing: 22684755 23263780

  meat_thermometer: 0/11 episodes
    0: 0/2  missing: 22684755 23263780
    1: 0/2  missing: 22684755 23263780
    10: 0/2  missing: 22684755 23263780
    2: 0/2  missing: 22684755 23263780
    3: 0/2  missing: 22684755 23263780
    4: 0/2  missing: 22684755 23263780
    5: 0/2  missing: 22684755 23263780
    6: 0/2  missing: 22684755 23263780
    7: 0/2  missing: 22684755 23263780
    8: 0/2  missing: 22684755 23263780
    9: 0/2  missing: 22684755 23263780

  metal_measuring_flask: 0/8 episodes
    0: 0/2  missing: 22684755 23263780
    1: 0/2  missing: 22684755 23263780
    2: 0/2  missing: 22684755 23263780
    3: 0/2  missing: 22684755 23263780
    4: 0/2  missing: 22684755 23263780
    5: 0/2  missing: 22684755 23263780
    6: 0/2  missing: 22684755 23263780
    7: 0/2  missing: 22684755 23263780

  metal_scoop_big: 0/8 episodes
    0: 0/2  missing: 22684755 23263780
    1: 0/2  missing: 22684755 23263780
    2: 0/2  missing: 22684755 23263780
    3: 0/2  missing: 22684755 23263780
    4: 0/2  missing: 22684755 23263780
    5: 0/2  missing: 22684755 23263780
    6: 0/2  missing: 22684755 23263780
    7: 0/2  missing: 22684755 23263780

  metal_scoop_small: 0/8 episodes
    0: 0/2  missing: 22684755 23263780
    1: 0/2  missing: 22684755 23263780
    2: 0/2  missing: 22684755 23263780
    3: 0/2  missing: 22684755 23263780
    4: 0/2  missing: 22684755 23263780
    5: 0/2  missing: 22684755 23263780
    6: 0/2  missing: 22684755 23263780
    7: 0/2  missing: 22684755 23263780

  mug_holder: 0/6 episodes
    0: 0/2  missing: 22684755 23263780
    1: 0/2  missing: 22684755 23263780
    2: 0/2  missing: 22684755 23263780
    3: 0/2  missing: 22684755 23263780
    4: 0/2  missing: 22684755 23263780
    5: 0/2  missing: 22684755 23263780

  orange: 0/6 episodes
    0: 0/2  missing: 22684755 23263780
    1: 0/2  missing: 22684755 23263780
    2: 0/2  missing: 22684755 23263780
    3: 0/2  missing: 22684755 23263780
    4: 0/2  missing: 22684755 23263780
    5: 0/2  missing: 22684755 23263780

  organizer_beige: 0/9 episodes
    0: 0/2  missing: 22684755 23263780
    1: 0/2  missing: 22684755 23263780
    2: 0/2  missing: 22684755 23263780
    3: 0/2  missing: 22684755 23263780
    4: no cam_param
    5: no cam_param
    6: 0/2  missing: 22684755 23263780
    7: 0/2  missing: 22684755 23263780
    8: 0/2  missing: 22684755 23263780

  pastel_blue_cup: 0/8 episodes
    0: 0/2  missing: 22684755 23263780
    1: 0/2  missing: 22684755 23263780
    2: 0/2  missing: 22684755 23263780
    3: 0/2  missing: 22684755 23263780
    4: 0/2  missing: 22684755 23263780
    5: 0/2  missing: 22684755 23263780
    6: 0/2  missing: 22684755 23263780
    7: 0/2  missing: 22684755 23263780

  pastel_light_green_bowl: 0/8 episodes
    0: 0/2  missing: 22684755 23263780
    1: 0/2  missing: 22684755 23263780
    2: 0/2  missing: 22684755 23263780
    3: 0/2  missing: 22684755 23263780
    4: 0/2  missing: 22684755 23263780
    5: 0/2  missing: 22684755 23263780
    6: 0/2  missing: 22684755 23263780
    7: 0/2  missing: 22684755 23263780

  pepper_tuna: 0/7 episodes
    0: 0/2  missing: 22684755 23263780
    1: 0/2  missing: 22684755 23263780
    2: 0/2  missing: 22684755 23263780
    3: 0/2  missing: 22684755 23263780
    4: 0/2  missing: 22684755 23263780
    5: 0/2  missing: 22684755 23263780
    6: 0/2  missing: 22684755 23263780

  pepsi: 0/6 episodes
    0: 0/2  missing: 22684755 23263780
    1: 0/2  missing: 22684755 23263780
    2: 0/2  missing: 22684755 23263780
    3: 0/2  missing: 22684755 23263780
    4: 0/2  missing: 22684755 23263780
    5: 0/2  missing: 22684755 23263780

  pingpong: 0/7 episodes
    0: 0/2  missing: 22684755 23263780
    1: 0/2  missing: 22684755 23263780
    2: 0/2  missing: 22684755 23263780
    3: 0/2  missing: 22684755 23263780
    4: 0/2  missing: 22684755 23263780
    5: 0/2  missing: 22684755 23263780
    6: 0/2  missing: 22684755 23263780

  pink_clock: 0/7 episodes
    0: 0/2  missing: 22684755 23263780
    1: 0/2  missing: 22684755 23263780
    2: 0/2  missing: 22684755 23263780
    3: 0/2  missing: 22684755 23263780
    4: 0/2  missing: 22684755 23263780
    5: 0/2  missing: 22684755 23263780
    6: 0/2  missing: 22684755 23263780

  plant_pot: 0/9 episodes
    0: 0/2  missing: 22684755 23263780
    1: 0/2  missing: 22684755 23263780
    2: 0/2  missing: 22684755 23263780
    3: 0/2  missing: 22684755 23263780
    4: 0/2  missing: 22684755 23263780
    5: 0/2  missing: 22684755 23263780
    6: 0/2  missing: 22684755 23263780
    7: 0/2  missing: 22684755 23263780
    8: 0/2  missing: 22684755 23263780

  plastic_elephant_jug: 0/5 episodes
    0: 0/2  missing: 22684755 23263780
    1: 0/2  missing: 22684755 23263780
    2: 0/2  missing: 22684755 23263780
    3: 0/2  missing: 22684755 23263780
    4: 0/2  missing: 22684755 23263780

  potato_masher: 0/5 episodes
    0: 0/2  missing: 22684755 23263780
    1: 0/2  missing: 22684755 23263780
    2: 0/2  missing: 22684755 23263780
    3: 0/2  missing: 22684755 23263780
    4: 0/2  missing: 22684755 23263780

  pringles: 0/9 episodes
    0: 0/2  missing: 22684755 23263780
    1: 0/2  missing: 22684755 23263780
    2: 0/2  missing: 22684755 23263780
    3: 0/2  missing: 22684755 23263780
    4: 0/2  missing: 22684755 23263780
    5: 0/2  missing: 22684755 23263780
    6: 0/2  missing: 22684755 23263780
    7: 0/2  missing: 22684755 23263780
    8: 0/2  missing: 22684755 23263780

  pringles_small: 0/9 episodes
    0: no cam_param
    1: no cam_param
    2: no cam_param
    3: 0/2  missing: 22684755 23263780
    4: 0/2  missing: 22684755 23263780
    5: 0/2  missing: 22684755 23263780
    6: 0/2  missing: 22684755 23263780
    7: 0/2  missing: 22684755 23263780
    8: 0/2  missing: 22684755 23263780

  rectangular_frying_pan: 0/6 episodes
    0: 0/2  missing: 22684755 23263780
    1: 0/2  missing: 22684755 23263780
    2: 0/2  missing: 22684755 23263780
    3: 0/2  missing: 22684755 23263780
    4: 0/2  missing: 22684755 23263780
    5: 0/2  missing: 22684755 23263780

  redcar: 0/5 episodes
    0: 0/2  missing: 22684755 23263780
    1: 0/2  missing: 22684755 23263780
    2: 0/2  missing: 22684755 23263780
    3: 0/2  missing: 22684755 23263780
    4: 0/2  missing: 22684755 23263780

  saucepan: 0/8 episodes
    0: 0/2  missing: 22684755 23263780
    1: 0/2  missing: 22684755 23263780
    2: no cam_param
    3: no cam_param
    4: 0/2  missing: 22684755 23263780
    5: 0/2  missing: 22684755 23263780
    6: 0/2  missing: 22684755 23263780
    7: 0/2  missing: 22684755 23263780

  scotch_tape: 0/7 episodes
    0: 0/2  missing: 22684755 23263780
    1: 0/2  missing: 22684755 23263780
    2: 0/2  missing: 22684755 23263780
    3: 0/2  missing: 22684755 23263780
    4: 0/2  missing: 22684755 23263780
    5: 0/2  missing: 22684755 23263780
    6: 0/2  missing: 22684755 23263780

  screwdriver: 0/5 episodes
    0: 0/2  missing: 22684755 23263780
    1: 0/2  missing: 22684755 23263780
    2: 0/2  missing: 22684755 23263780
    3: 0/2  missing: 22684755 23263780
    4: 0/2  missing: 22684755 23263780

  servingbowl_small: 0/7 episodes
    0: 0/2  missing: 22684755 23263780
    1: 0/2  missing: 22684755 23263780
    2: 0/2  missing: 22684755 23263780
    3: 0/2  missing: 22684755 23263780
    4: 0/2  missing: 22684755 23263780
    5: 0/2  missing: 22684755 23263780
    6: 0/2  missing: 22684755 23263780

  smallbowl: 0/5 episodes
    0: 0/2  missing: 22684755 23263780
    1: 0/2  missing: 22684755 23263780
    2: 0/2  missing: 22684755 23263780
    3: 0/2  missing: 22684755 23263780
    4: 0/2  missing: 22684755 23263780

  soaptray: 0/5 episodes
    0: 0/2  missing: 22684755 23263780
    1: 0/2  missing: 22684755 23263780
    2: 0/2  missing: 22684755 23263780
    3: 0/2  missing: 22684755 23263780
    4: 0/2  missing: 22684755 23263780

  spam_can: 0/5 episodes
    0: 0/2  missing: 22684755 23263780
    1: 0/2  missing: 22684755 23263780
    2: 0/2  missing: 22684755 23263780
    3: 0/2  missing: 22684755 23263780
    4: 0/2  missing: 22684755 23263780

  spicemill: 0/5 episodes
    0: 0/2  missing: 22684755 23263780
    1: 0/2  missing: 22684755 23263780
    2: 0/2  missing: 22684755 23263780
    3: 0/2  missing: 22684755 23263780
    4: 0/2  missing: 22684755 23263780

  spray_bottle: 0/6 episodes
    0: 0/2  missing: 22684755 23263780
    1: 0/2  missing: 22684755 23263780
    2: 0/2  missing: 22684755 23263780
    3: 0/2  missing: 22684755 23263780
    4: 0/2  missing: 22684755 23263780
    5: 0/2  missing: 22684755 23263780

  standing_frame: 0/8 episodes
    0: 0/2  missing: 22684755 23263780
    1: 0/2  missing: 22684755 23263780
    2: 0/2  missing: 22684755 23263780
    3: 0/2  missing: 22684755 23263780
    4: 0/2  missing: 22684755 23263780
    5: 0/2  missing: 22684755 23263780
    6: 0/2  missing: 22684755 23263780
    7: 0/2  missing: 22684755 23263780

  tea_case: 0/5 episodes
    0: 0/2  missing: 22684755 23263780
    1: 0/2  missing: 22684755 23263780
    2: 0/2  missing: 22684755 23263780
    3: 0/2  missing: 22684755 23263780
    4: 0/2  missing: 22684755 23263780

  tennis_ball: 0/7 episodes
    0: 0/2  missing: 22684755 23263780
    1: 0/2  missing: 22684755 23263780
    2: 0/2  missing: 22684755 23263780
    3: 0/2  missing: 22684755 23263780
    4: 0/2  missing: 22684755 23263780
    5: 0/2  missing: 22684755 23263780
    6: 0/2  missing: 22684755 23263780

  thermo_clock: 0/8 episodes
    0: 0/2  missing: 22684755 23263780
    1: 0/2  missing: 22684755 23263780
    2: 0/2  missing: 22684755 23263780
    3: 0/2  missing: 22684755 23263780
    4: 0/2  missing: 22684755 23263780
    5: 0/2  missing: 22684755 23263780
    6: 0/2  missing: 22684755 23263780
    7: 0/2  missing: 22684755 23263780

  toothbrush_holder: 0/13 episodes
    0: 0/2  missing: 22684755 23263780
    1: 0/2  missing: 22684755 23263780
    10: 0/2  missing: 22684755 23263780
    11: 0/2  missing: 22684755 23263780
    12: 0/2  missing: 22684755 23263780
    2: 0/2  missing: 22684755 23263780
    3: 0/2  missing: 22684755 23263780
    4: 0/2  missing: 22684755 23263780
    5: 0/2  missing: 22684755 23263780
    6: 0/2  missing: 22684755 23263780
    7: 0/2  missing: 22684755 23263780
    8: 0/2  missing: 22684755 23263780
    9: 0/2  missing: 22684755 23263780

  washing_brush: 0/7 episodes
    0: 0/2  missing: 22684755 23263780
    1: 0/2  missing: 22684755 23263780
    2: 0/2  missing: 22684755 23263780
    3: 0/2  missing: 22684755 23263780
    4: 0/2  missing: 22684755 23263780
    5: 0/2  missing: 22684755 23263780
    6: 0/2  missing: 22684755 23263780

  washing_brush2: 0/7 episodes
    0: 0/2  missing: 22684755 23263780
    1: 0/2  missing: 22684755 23263780
    2: 0/2  missing: 22684755 23263780
    3: 0/2  missing: 22684755 23263780
    4: 0/2  missing: 22684755 23263780
    5: 0/2  missing: 22684755 23263780
    6: 0/2  missing: 22684755 23263780

  wateringcan: 0/7 episodes
    0: 0/2  missing: 22684755 23263780
    1: 0/2  missing: 22684755 23263780
    2: 0/2  missing: 22684755 23263780
    3: 0/2  missing: 22684755 23263780
    4: 0/2  missing: 22684755 23263780
    5: 0/2  missing: 22684755 23263780
    6: 0/2  missing: 22684755 23263780

  white_candle_holder: 0/6 episodes
    0: 0/2  missing: 22684755 23263780
    1: 0/2  missing: 22684755 23263780
    2: 0/2  missing: 22684755 23263780
    3: 0/2  missing: 22684755 23263780
    4: 0/2  missing: 22684755 23263780
    5: 0/2  missing: 22684755 23263780

  white_hand_shower: 0/5 episodes
    0: 0/2  missing: 22684755 23263780
    1: 0/2  missing: 22684755 23263780
    2: 0/2  missing: 22684755 23263780
    3: 0/2  missing: 22684755 23263780
    4: 0/2  missing: 22684755 23263780

  white_pen_cup: 0/7 episodes
    0: 0/2  missing: 22684755 23263780
    1: 0/2  missing: 22684755 23263780
    2: 0/2  missing: 22684755 23263780
    3: 0/2  missing: 22684755 23263780
    4: 0/2  missing: 22684755 23263780
    5: 0/2  missing: 22684755 23263780
    6: 0/2  missing: 22684755 23263780

  white_soap_dish: 0/5 episodes
    0: 0/2  missing: 22684755 23263780
    1: 0/2  missing: 22684755 23263780
    2: 0/2  missing: 22684755 23263780
    3: 0/2  missing: 22684755 23263780
    4: 0/2  missing: 22684755 23263780

  white_wood_handle_watering_can: 0/9 episodes
    0: 0/2  missing: 22684755 23263780
    1: 0/2  missing: 22684755 23263780
    2: 0/2  missing: 22684755 23263780
    3: 0/2  missing: 22684755 23263780
    4: 0/2  missing: 22684755 23263780
    5: 0/2  missing: 22684755 23263780
    6: 0/2  missing: 22684755 23263780
    7: 0/2  missing: 22684755 23263780
    8: 0/2  missing: 22684755 23263780

  wipe: 0/7 episodes
    0: 0/2  missing: 22684755 23263780
    1: 0/2  missing: 22684755 23263780
    2: 0/2  missing: 22684755 23263780
    3: 0/2  missing: 22684755 23263780
    4: 0/2  missing: 22684755 23263780
    5: 0/2  missing: 22684755 23263780
    6: 0/2  missing: 22684755 23263780

  wood_dish_rack: 0/7 episodes
    0: 0/2  missing: 22684755 23263780
    1: 0/2  missing: 22684755 23263780
    2: 0/2  missing: 22684755 23263780
    3: 0/2  missing: 22684755 23263780
    4: 0/2  missing: 22684755 23263780
    5: 0/2  missing: 22684755 23263780
    6: 0/2  missing: 22684755 23263780

  wood_organizer: 0/8 episodes
    0: 0/2  missing: 22684755 23263780
    1: 0/2  missing: 22684755 23263780
    2: 0/2  missing: 22684755 23263780
    3: 0/2  missing: 22684755 23263780
    4: 0/2  missing: 22684755 23263780
    5: 0/2  missing: 22684755 23263780
    6: 0/2  missing: 22684755 23263780
    7: 0/2  missing: 22684755 23263780

  work_lamp: 0/15 episodes
    0: 0/2  missing: 22684755 23263780
    1: no cam_param
    10: no cam_param
    11: no cam_param
    12: 0/2  missing: 22684755 23263780
    13: 0/2  missing: 22684755 23263780
    14: 0/2  missing: 22684755 23263780
    2: no cam_param
    3: 0/2  missing: 22684755 23263780
    4: 0/2  missing: 22684755 23263780
    5: no cam_param
    6: no cam_param
    7: 0/2  missing: 22684755 23263780
    8: no cam_param
    9: no cam_param

  yellow_funnel: 0/8 episodes
    0: 0/2  missing: 22684755 23263780
    1: 0/2  missing: 22684755 23263780
    2: 0/2  missing: 22684755 23263780
    3: 0/2  missing: 22684755 23263780
    4: 0/2  missing: 22684755 23263780
    5: 0/2  missing: 22684755 23263780
    6: 0/2  missing: 22684755 23263780
    7: 0/2  missing: 22684755 23263780

  yellow_plastic_glass: 0/7 episodes
    0: 0/2  missing: 22684755 23263780
    1: 0/2  missing: 22684755 23263780
    2: 0/2  missing: 22684755 23263780
    3: 0/2  missing: 22684755 23263780
    4: 0/2  missing: 22684755 23263780
    5: 0/2  missing: 22684755 23263780
    6: 0/2  missing: 22684755 23263780

  yellow_wash_tub: 0/5 episodes
    0: 0/2  missing: 22684755 23263780
    1: 0/2  missing: 22684755 23263780
    2: 0/2  missing: 22684755 23263780
    3: 0/2  missing: 22684755 23263780
    4: 0/2  missing: 22684755 23263780
